8.498122692108154297e-01 1.501877158880233765e-01
7.527730464935302734e-01 2.472268790006637573e-01
9.094650149345397949e-01 9.053501486778259277e-02
7.585666775703430176e-01 2.414333522319793701e-01
7.965191006660461426e-01 2.034809291362762451e-01
7.843350768089294434e-01 2.156648933887481689e-01
7.572020292282104492e-01 2.427979856729507446e-01
8.163160085678100586e-01 1.836839765310287476e-01
7.495516538619995117e-01 2.504483759403228760e-01
8.799465894699096680e-01 1.200534328818321228e-01
9.104752540588378906e-01 8.952479809522628784e-02
7.547276616096496582e-01 2.452723383903503418e-01
8.419182300567626953e-01 1.580817997455596924e-01
7.632703781127929688e-01 2.367296218872070312e-01
7.534764409065246582e-01 2.465234994888305664e-01
8.278590440750122070e-01 1.721410006284713745e-01
8.545359969139099121e-01 1.454639881849288940e-01
7.580090761184692383e-01 2.419909834861755371e-01
7.952547073364257812e-01 2.047453522682189941e-01
7.924211025238037109e-01 2.075788229703903198e-01
7.968215942382812500e-01 2.031783908605575562e-01
7.821040749549865723e-01 2.178959250450134277e-01
7.695035338401794434e-01 2.304964512586593628e-01
8.009437322616577148e-01 1.990562826395034790e-01
7.769510149955749512e-01 2.230489403009414673e-01
8.753547668457031250e-01 1.246451959013938904e-01
7.541466355323791504e-01 2.458534538745880127e-01
7.720701098442077637e-01 2.279299497604370117e-01
8.075053095817565918e-01 1.924947351217269897e-01
9.312698841094970703e-01 6.873016804456710815e-02
8.336933851242065430e-01 1.663065999746322632e-01
8.005748987197875977e-01 1.994250416755676270e-01
7.610238194465637207e-01 2.389762103557586670e-01
7.858786582946777344e-01 2.141213268041610718e-01
8.747076988220214844e-01 1.252922415733337402e-01
9.181032776832580566e-01 8.189667761325836182e-02
8.442199230194091797e-01 1.557800769805908203e-01
8.089301586151123047e-01 1.910699009895324707e-01
8.727566003799438477e-01 1.272434592247009277e-01
8.620548844337463379e-01 1.379450410604476929e-01
7.839145064353942871e-01 2.160854637622833252e-01
7.288594245910644531e-01 2.711405456066131592e-01
7.500571012496948242e-01 2.499428540468215942e-01
7.543899416923522949e-01 2.456100583076477051e-01
8.264790773391723633e-01 1.735209375619888306e-01
8.004946112632751465e-01 1.995053887367248535e-01
8.348854184150695801e-01 1.651146411895751953e-01
8.993579149246215820e-01 1.006421223282814026e-01
7.690095901489257812e-01 2.309903949499130249e-01
7.501250505447387695e-01 2.498749792575836182e-01
8.960429430007934570e-01 1.039570197463035583e-01
7.804079055786132812e-01 2.195920050144195557e-01
8.334671258926391602e-01 1.665329188108444214e-01
8.631988763809204102e-01 1.368011385202407837e-01
5.216288566589355469e-01 4.783711731433868408e-01
9.068737030029296875e-01 9.312625974416732788e-02
7.735539674758911133e-01 2.264459878206253052e-01
7.680949568748474121e-01 2.319050580263137817e-01
7.862374782562255859e-01 2.137625217437744141e-01
7.507995963096618652e-01 2.492003887891769409e-01
8.984069228172302246e-01 1.015930101275444031e-01
8.038874268531799316e-01 1.961125731468200684e-01
7.823405861854553223e-01 2.176593691110610962e-01
7.519760727882385254e-01 2.480239421129226685e-01
8.037170767784118652e-01 1.962829381227493286e-01
8.085498213768005371e-01 1.914502233266830444e-01
7.645096182823181152e-01 2.354903519153594971e-01
9.246492981910705566e-01 7.535070180892944336e-02
7.823954224586486816e-01 2.176045775413513184e-01
9.360770583152770996e-01 6.392297148704528809e-02
7.584225535392761230e-01 2.415774315595626831e-01
7.559891939163208008e-01 2.440108358860015869e-01
7.498784065246582031e-01 2.501215636730194092e-01
8.930853605270385742e-01 1.069145724177360535e-01
7.524348497390747070e-01 2.475651502609252930e-01
7.524674534797668457e-01 2.475325912237167358e-01
7.850468754768371582e-01 2.149531245231628418e-01
7.725496292114257812e-01 2.274503558874130249e-01
7.886627316474914551e-01 2.113372385501861572e-01
7.262016534805297852e-01 2.737983167171478271e-01
7.661433815956115723e-01 2.338566482067108154e-01
9.047379493713378906e-01 9.526208043098449707e-02
7.993016839027404785e-01 2.006983160972595215e-01
8.407098650932312012e-01 1.592901647090911865e-01
7.632251381874084473e-01 2.367749214172363281e-01
7.629724740982055664e-01 2.370275408029556274e-01
7.938065528869628906e-01 2.061934173107147217e-01
8.505882024765014648e-01 1.494118273258209229e-01
7.635427713394165039e-01 2.364572435617446899e-01
8.405382037162780762e-01 1.594617813825607300e-01
8.865626454353332520e-01 1.134373024106025696e-01
8.306799530982971191e-01 1.693200469017028809e-01
7.500662207603454590e-01 2.499337345361709595e-01
7.548126578330993652e-01 2.451873421669006348e-01
7.864574193954467773e-01 2.135425657033920288e-01
7.539907097816467285e-01 2.460092604160308838e-01
8.514512777328491211e-01 1.485487371683120728e-01
8.017845153808593750e-01 1.982154697179794312e-01
8.181717991828918457e-01 1.818282604217529297e-01
7.577331662178039551e-01 2.422668039798736572e-01
7.623217105865478516e-01 2.376782298088073730e-01
9.102582931518554688e-01 8.974173665046691895e-02
9.332677125930786133e-01 6.673230975866317749e-02
7.716851234436035156e-01 2.283148914575576782e-01
7.522512078285217285e-01 2.477488368749618530e-01
7.669253349304199219e-01 2.330746650695800781e-01
8.428850769996643066e-01 1.571149379014968872e-01
4.733448028564453125e-01 5.266551971435546875e-01
8.202440738677978516e-01 1.797560006380081177e-01
8.055372834205627441e-01 1.944627463817596436e-01
8.691493272781372070e-01 1.308506876230239868e-01
7.519190311431884766e-01 2.480809837579727173e-01
7.583858966827392578e-01 2.416140586137771606e-01
9.507120847702026367e-01 4.928787052631378174e-02
7.641555666923522949e-01 2.358444035053253174e-01
8.280755281448364258e-01 1.719245016574859619e-01
8.894198536872863770e-01 1.105801463127136230e-01
7.876530885696411133e-01 2.123469263315200806e-01
8.937111496925354004e-01 1.062888875603675842e-01
9.026787281036376953e-01 9.732130169868469238e-02
7.611108422279357910e-01 2.388892173767089844e-01
7.730609178543090820e-01 2.269390970468521118e-01
7.871381640434265137e-01 2.128618359565734863e-01
7.506319880485534668e-01 2.493680864572525024e-01
7.560145854949951172e-01 2.439854294061660767e-01
8.663926720619201660e-01 1.336072683334350586e-01
8.005605936050415039e-01 1.994394063949584961e-01
7.499909996986389160e-01 2.500090301036834717e-01
7.584755420684814453e-01 2.415245175361633301e-01
