9.589308500289916992e-01 4.106920585036277771e-02
8.680298924446105957e-01 1.319701373577117920e-01
9.208756685256958008e-01 7.912439852952957153e-02
8.127175569534301758e-01 1.872824281454086304e-01
8.183702826499938965e-01 1.816297024488449097e-01
9.516080021858215332e-01 4.839203506708145142e-02
8.131510019302368164e-01 1.868490278720855713e-01
8.831591010093688965e-01 1.168408989906311035e-01
9.580123424530029297e-01 4.198768362402915955e-02
7.503195405006408691e-01 2.496803998947143555e-01
7.991202473640441895e-01 2.008797973394393921e-01
9.095918536186218262e-01 9.040818363428115845e-02
7.771784663200378418e-01 2.228215485811233521e-01
9.508326649665832520e-01 4.916731268167495728e-02
8.890010714530944824e-01 1.109989359974861145e-01
9.401752948760986328e-01 5.982472747564315796e-02
9.628016948699951172e-01 3.719826415181159973e-02
7.501344084739685059e-01 2.498656064271926880e-01
8.119685053825378418e-01 1.880315542221069336e-01
7.576469779014587402e-01 2.423530071973800659e-01
8.760243058204650879e-01 1.239757090806961060e-01
9.478108882904052734e-01 5.218907818198204041e-02
8.266153931617736816e-01 1.733846366405487061e-01
7.714928984642028809e-01 2.285071015357971191e-01
7.821717858314514160e-01 2.178282439708709717e-01
7.500875592231750488e-01 2.499124556779861450e-01
8.826599717140197754e-01 1.173400059342384338e-01
9.534034729003906250e-01 4.659656807780265808e-02
9.467484951019287109e-01 5.325158312916755676e-02
7.331479191780090332e-01 2.668520808219909668e-01
9.473078250885009766e-01 5.269213020801544189e-02
8.132832050323486328e-01 1.867167502641677856e-01
8.146991133689880371e-01 1.853009015321731567e-01
7.504395246505737305e-01 2.495604455471038818e-01
9.264076352119445801e-01 7.359243929386138916e-02
7.505781054496765137e-01 2.494219392538070679e-01
9.109909534454345703e-01 8.900898694992065430e-02
8.134831190109252930e-01 1.865168511867523193e-01
8.205991983413696289e-01 1.794007867574691772e-01
8.192499876022338867e-01 1.807499676942825317e-01
7.601882815361022949e-01 2.398116588592529297e-01
7.330209612846374512e-01 2.669790387153625488e-01
9.293240904808044434e-01 7.067590206861495972e-02
8.107134699821472168e-01 1.892865300178527832e-01
7.521846294403076172e-01 2.478154003620147705e-01
8.146510720252990723e-01 1.853488832712173462e-01
7.330453991889953613e-01 2.669546306133270264e-01
9.608361721038818359e-01 3.916382789611816406e-02
7.680963873863220215e-01 2.319036573171615601e-01
7.504599094390869141e-01 2.495401203632354736e-01
9.463227391242980957e-01 5.367719009518623352e-02
9.282456636428833008e-01 7.175428420305252075e-02
9.541682004928588867e-01 4.583181440830230713e-02
8.105825185775756836e-01 1.894175112247467041e-01
9.584524631500244141e-01 4.154749214649200439e-02
8.969364762306213379e-01 1.030635982751846313e-01
9.362073540687561035e-01 6.379262357950210571e-02
7.505424022674560547e-01 2.494575828313827515e-01
7.505845427513122559e-01 2.494154721498489380e-01
9.496321678161621094e-01 5.036789178848266602e-02
8.688063621520996094e-01 1.311935782432556152e-01
8.981619477272033691e-01 1.018381118774414062e-01
9.508098363876342773e-01 4.919016733765602112e-02
9.134520888328552246e-01 8.654786646366119385e-02
8.100610375404357910e-01 1.899390220642089844e-01
7.592695951461791992e-01 2.407303750514984131e-01
8.111149668693542480e-01 1.888849735260009766e-01
8.821353912353515625e-01 1.178646832704544067e-01
8.163469433784484863e-01 1.836531013250350952e-01
9.479652643203735352e-01 5.203476548194885254e-02
9.415686130523681641e-01 5.843134224414825439e-02
9.534263014793395996e-01 4.657371714711189270e-02
