6.734818452969193459e-04
1.083415932953357697e-03
1.247948384843766689e-03
6.894127582199871540e-04
6.485327030532062054e-04
9.480353328399360180e-04
9.921272285282611847e-04
1.063367468304932117e-03
8.488467428833246231e-04
1.905446260934695601e-04
6.073354161344468594e-04
6.879252032376825809e-04
7.322430028580129147e-04
5.475818179547786713e-04
8.093775832094252110e-04
6.107343360781669617e-04
6.104689673520624638e-04
3.437965351622551680e-04
6.383029394783079624e-04
7.981498492881655693e-04
1.263746526092290878e-03
6.088889786042273045e-04
4.626999434549361467e-04
1.041980925947427750e-03
4.046778194606304169e-04
4.054709570482373238e-04
5.539598059840500355e-04
6.059050792828202248e-04
9.969067759811878204e-04
3.228939312975853682e-04
6.074364064261317253e-04
1.706591458059847355e-03
1.645147916860878468e-03
9.565686341375112534e-04
1.705385511741042137e-03
3.523410123307257891e-04
6.973083363845944405e-04
1.001999713480472565e-03
9.114032727666199207e-04
7.485653040930628777e-04
8.676386205479502678e-04
7.058217888697981834e-04
8.458528900519013405e-04
6.261763046495616436e-04
1.980062806978821754e-04
8.718465687707066536e-04
4.904911620542407036e-04
7.967656129039824009e-04
7.332751411013305187e-04
3.839356359094381332e-04
8.810455910861492157e-04
7.631010375916957855e-04
4.981036181561648846e-04
9.474186226725578308e-04
1.171492156572639942e-03
5.107771139591932297e-04
9.159776382148265839e-04
1.081908470951020718e-03
8.379155187867581844e-04
1.278559560887515545e-03
4.200585244689136744e-04
3.148648538626730442e-04
6.069986266084015369e-04
1.146285561844706535e-03
1.127386582084000111e-03
1.615060609765350819e-03
1.104972325265407562e-03
6.901855231262743473e-04
1.204426866024732590e-03
3.653879102785140276e-04
9.552694391459226608e-04
5.183990579098463058e-04
4.736642295029014349e-04
6.848778575658798218e-04
5.919032264500856400e-04
1.004382385872304440e-03
9.927370119839906693e-04
1.627726480364799500e-03
1.734865247271955013e-03
2.487698569893836975e-03
1.088888384401798248e-03
1.044880016706883907e-03
3.953237610403448343e-04
7.472591823898255825e-04
2.273687568958848715e-04
2.461626718286424875e-04
9.508373332209885120e-04
1.719058724120259285e-03
9.382831631228327751e-04
2.707782259676605463e-04
8.666954236105084419e-04
7.286511827260255814e-04
9.572698036208748817e-04
4.303560417611151934e-04
3.215143806301057339e-04
2.241185866296291351e-03
5.266283988021314144e-04
4.676118842326104641e-04
1.500998623669147491e-03
1.326295663602650166e-03
9.123946074396371841e-04
7.315556285902857780e-04
8.512123022228479385e-04
9.046604973264038563e-04
2.134407841367647052e-04
7.718339911662042141e-04
1.687151670921593904e-04
9.703536634333431721e-04
5.740976775996387005e-04
9.084568009711802006e-04
2.467439509928226471e-03
2.392614027485251427e-03
6.645084358751773834e-04
9.357646340504288673e-04
4.757910501211881638e-04
1.020398805849254131e-03
1.280804630368947983e-03
2.551562211010605097e-04
6.848651682958006859e-04
2.375557523919269443e-04
8.394290925934910774e-04
7.283342420123517513e-04
1.295513124205172062e-03
8.535152301192283630e-04
4.704016319010406733e-04
9.307145955972373486e-04
9.282636456191539764e-04
1.139359199441969395e-03
6.384638254530727863e-04
7.969702710397541523e-04
7.808082154951989651e-04
9.646308026276528835e-04
6.409623892977833748e-05
4.105059779249131680e-04
6.781919364584609866e-05
9.357311646454036236e-04
5.193217075429856777e-04
1.388389733619987965e-03
7.601347751915454865e-04
5.284599610604345798e-04
8.484347490593791008e-04
8.563721203245222569e-04
1.576044713146984577e-03
3.140718326903879642e-04
5.865923012606799603e-04
1.140679698437452316e-03
9.227945702150464058e-04
7.701823487877845764e-04
1.057989778928458691e-03
5.569184431806206703e-04
4.146280407439917326e-04
6.715136114507913589e-04
8.795961621217429638e-04
7.483320659957826138e-04
9.881717851385474205e-04
8.457940421067178249e-04
5.877622752450406551e-04
7.363166077993810177e-04
1.041496056132018566e-03
6.481699529103934765e-04
3.998323809355497360e-04
7.313064415939152241e-04
6.325650610961019993e-04
1.729486742988228798e-03
1.396737410686910152e-03
9.054051479324698448e-04
1.358096371404826641e-03
6.024391041137278080e-04
2.058782120002433658e-04
7.824151543900370598e-04
3.129280230496078730e-04
8.363237138837575912e-04
9.566871449351310730e-04
1.055162283591926098e-03
4.706186882685869932e-04
9.203675435855984688e-04
1.371308462694287300e-03
