4.010367556475102901e-04
8.412562380044619204e-08
6.821314400440314785e-06
1.880821026861667633e-02
4.233649815432727337e-04
4.899664054391905665e-05
6.515380926430225372e-03
3.890736843459308147e-04
2.060824408545158803e-05
6.445222243200987577e-05
1.920241513289511204e-03
7.099514477886259556e-04
4.601401276886463165e-03
1.757416066539008170e-05
5.267991218715906143e-04
1.238014277760157711e-07
3.283669357188045979e-04
2.364620566368103027e-03
2.376432064920663834e-03
4.796038233223498537e-09
1.359179336577653885e-02
1.850234926678240299e-03
4.470291605684906244e-04
1.406366845912998542e-05
1.251885696547105908e-04
4.513819931162288412e-07
6.758837844245135784e-05
4.007257459193169780e-08
1.125196376960957423e-05
2.663678897079080343e-04
5.398986395448446274e-04
1.248979941010475159e-02
