2.193522453308105469e-02 9.771982431411743164e-01 7.955056935315951705e-05 7.868765387684106827e-04
1.863385890032986936e-09 9.879477620124816895e-01 1.205205172300338745e-02 2.690027542939787963e-07
3.017745484612532891e-06 1.122196670621633530e-03 9.725404977798461914e-01 2.633442357182502747e-02
6.765307188034057617e-01 3.049085140228271484e-01 2.596871927380561829e-04 1.830102689564228058e-02
9.892570318470461643e-09 3.525055479258298874e-03 9.957827329635620117e-01 6.922187749296426773e-04
9.325675368309020996e-01 4.011025680483726319e-07 2.676725443961913697e-06 6.742942333221435547e-02
2.680041361600160599e-03 2.715061418712139130e-02 8.687624931335449219e-01 1.014069169759750366e-01
9.995589852333068848e-01 2.450950887578073889e-06 1.315840658655531570e-09 4.384900385048240423e-04
9.179805517196655273e-01 1.122882167692296207e-04 7.681296665396075696e-06 8.189953118562698364e-02
1.432574392445928879e-09 3.223823441658169031e-04 9.995191097259521484e-01 1.584620185894891620e-04
3.607808903325349092e-04 3.536838572472333908e-03 8.159518241882324219e-01 1.801504939794540405e-01
4.397848621010780334e-03 9.951876401901245117e-01 5.250612503004958853e-06 4.092829185537993908e-04
2.865006625652313232e-01 5.852331593632698059e-02 1.523768994957208633e-02 6.397383213043212891e-01
2.974473792272114281e-11 4.896053113043308258e-03 9.950911998748779297e-01 1.270100528927287087e-05
2.486874873284250498e-04 4.405769407749176025e-01 5.121235251426696777e-01 4.705086722970008850e-02
1.407239616854497402e-14 3.805664309766143560e-04 9.996191263198852539e-01 1.818700923195137875e-07
4.064939912993593973e-14 2.337294245080556720e-05 9.999765157699584961e-01 8.913728066772819147e-08
9.894324541091918945e-01 9.794283658266067505e-03 8.405459084315225482e-08 7.731507066637277603e-04
3.880399557232294683e-09 1.714616082608699799e-02 9.828425049781799316e-01 1.142064502346329391e-05
7.805901077517773956e-06 2.150024985894560814e-03 9.632592797279357910e-01 3.458281233906745911e-02
1.157780206995084882e-04 2.361445873975753784e-02 8.688550591468811035e-01 1.074147373437881470e-01
8.748732805252075195e-01 1.010255143046379089e-01 4.935322431265376508e-05 2.405179850757122040e-02
2.245233008579816669e-05 2.034895587712526321e-03 9.717179536819458008e-01 2.622465789318084717e-02
9.972557425498962402e-01 9.718983164930250496e-07 1.198998145213181488e-08 2.743295393884181976e-03
5.239535570144653320e-01 7.593189366161823273e-04 5.667944788001477718e-04 4.747202396392822266e-01
7.114014029502868652e-01 9.254090255126357079e-04 2.746452519204467535e-04 2.873984277248382568e-01
9.999655485153198242e-01 2.409775106571032666e-06 6.319265943854901479e-11 3.207715417374856770e-05
6.026433766237460077e-05 9.983592629432678223e-01 1.322872121818363667e-03 2.577181148808449507e-04
2.811128087341785431e-02 9.540138840675354004e-01 7.980560883879661560e-03 9.894323535263538361e-03
9.996670484542846680e-01 3.008369239978492260e-04 4.783021756438188277e-10 3.222878149244934320e-05
6.223926902748644352e-04 1.234692148864269257e-02 8.436937928199768066e-01 1.433369368314743042e-01
1.644071926421020180e-05 7.263902807608246803e-04 9.878196716308593750e-01 1.143748126924037933e-02
6.632275879383087158e-02 8.554455041885375977e-01 3.718649037182331085e-03 7.451307028532028198e-02
9.999997615814208984e-01 2.085036676646723208e-08 2.942494626456031506e-15 2.476941176610125694e-07
3.803662912105210125e-05 4.991341233253479004e-01 4.934523105621337891e-01 7.375608664005994797e-03
4.499733677221229300e-06 9.451459646224975586e-01 5.397055670619010925e-02 8.789956336840987206e-04
1.091352198272943497e-03 1.591768232174217701e-03 8.321384787559509277e-01 1.651784479618072510e-01
1.000000000000000000e+00 1.567234952926099822e-10 1.665259588170382912e-19 7.022975534454189983e-10
2.562132896855473518e-03 9.952960610389709473e-01 6.631463184021413326e-04 1.478680060245096684e-03
9.993428587913513184e-01 5.673647365256329067e-07 1.240811364766614133e-08 6.565294461324810982e-04
3.610865296002629954e-12 1.487061090301722288e-04 9.998425245285034180e-01 8.666884241392835975e-06
1.229258032253710553e-05 5.487905144691467285e-01 4.502335488796234131e-01 9.636630420573055744e-04
6.207329761309665628e-07 2.383795435889624059e-05 9.734603762626647949e-01 2.651507407426834106e-02
9.899589419364929199e-01 1.002234034240245819e-02 7.256284906276277979e-09 1.880855052149854600e-05
6.275044288486242294e-04 9.993354678153991699e-01 8.123783118207938969e-06 2.898584898503031582e-05
1.249222987098619342e-04 2.590579097159206867e-04 9.469292163848876953e-01 5.268683284521102905e-02
4.975885385647416115e-04 2.707885869313031435e-04 5.096689462661743164e-01 4.895625710487365723e-01
1.146584898233413696e-01 1.229337602853775024e-01 9.819845855236053467e-02 6.642093062400817871e-01
1.216341697501954755e-11 9.995033740997314453e-01 4.966651904396712780e-04 2.867800441563872482e-09
7.551355452051211614e-08 2.460180548951029778e-04 9.953594803810119629e-01 4.394448362290859222e-03
2.260209526866674423e-03 1.023970916867256165e-02 8.769352436065673828e-01 1.105648353695869446e-01
1.065202653408050537e-01 6.919204024598002434e-04 1.219308003783226013e-02 8.805947303771972656e-01
6.744720339775085449e-01 9.079711884260177612e-02 2.734692534431815147e-03 2.319960892200469971e-01
4.135677299927920103e-04 9.894216656684875488e-01 7.205849979072809219e-03 2.958963159471750259e-03
6.565762600274638316e-09 5.407279240898787975e-04 9.993661046028137207e-01 9.316518844570964575e-05
8.168016076087951660e-01 1.831883937120437622e-01 6.270080010750689326e-09 1.000160682451678440e-05
9.997615218162536621e-01 5.245022904887264303e-08 4.371329687113956197e-11 2.384591643931344151e-04
1.768139079594277518e-09 9.999973773956298828e-01 2.642152594489743933e-06 3.372044865557199955e-09
6.545233190990984440e-05 9.999344348907470703e-01 7.455098760544842662e-09 6.488777870572448592e-08
3.478088474366813898e-04 6.265345960855484009e-03 6.938506960868835449e-01 2.995361089706420898e-01
7.435998320579528809e-01 1.082680610124953091e-04 1.209738038596697152e-04 2.561708688735961914e-01
4.193337825819610717e-15 2.401029087195638567e-05 9.999758005142211914e-01 1.931401527599518886e-07
3.774437828951704432e-08 9.995965361595153809e-01 4.020916239824146032e-04 1.447691147404839285e-06
2.564001381397247314e-01 5.370102524757385254e-01 8.738913573324680328e-03 1.978507339954376221e-01
2.944208914414048195e-03 9.970546960830688477e-01 8.370935056234429794e-09 1.065485662365972530e-06
2.824638431775383651e-05 9.522289037704467773e-01 4.554237052798271179e-02 2.200486604124307632e-03
9.992475509643554688e-01 6.693219183944165707e-04 5.055761920225165795e-10 8.320107735926285386e-05
1.210103050652833190e-06 3.588478721212595701e-04 9.966927766799926758e-01 2.947221277281641960e-03
3.345031585055835421e-09 1.280672295251861215e-04 9.997666478157043457e-01 1.052434090524911880e-04
3.316786401086346814e-09 7.452639238181291148e-06 9.985663294792175293e-01 1.426184084266424179e-03
9.739127159118652344e-01 1.379346213070675731e-04 4.409822395246010274e-06 2.594501711428165436e-02
2.146852016448974609e-01 2.879332005977630615e-01 1.341889239847660065e-02 4.839627146720886230e-01
2.254897299280855805e-05 1.060348842293024063e-02 8.926827907562255859e-01 9.669115394353866577e-02
9.982981085777282715e-01 4.217071818857220933e-06 8.438257736997911707e-08 1.697618048638105392e-03
3.497755527496337891e-01 6.497361063957214355e-01 9.456677503294486087e-07 4.873480356764048338e-04
6.008779406547546387e-01 5.850305780768394470e-02 3.431901335716247559e-03 3.371871411800384521e-01
