1.410407014191150665e-02 9.852319955825805664e-01 7.484976958949118853e-05 5.891760229133069515e-04
1.342991256397807476e-12 9.059292078018188477e-01 9.407079219818115234e-02 1.440803032437543152e-08
1.214799522131215781e-05 3.114947583526372910e-03 9.538769125938415527e-01 4.299602285027503967e-02
9.097834229469299316e-01 9.021384268999099731e-02 3.194368936032532247e-10 2.757728680080617778e-06
1.215121114839234906e-09 1.224663341417908669e-03 9.984879493713378906e-01 2.872850454878062010e-04
8.212238550186157227e-01 1.381430320179788396e-05 7.485660898964852095e-05 1.786873787641525269e-01
2.134542446583509445e-03 3.280004858970642090e-02 8.887729644775390625e-01 7.629246264696121216e-02
9.997121691703796387e-01 1.054010317602660507e-05 1.807042182555562704e-09 2.773019077721983194e-04
3.622169494628906250e-01 3.072068328037858009e-03 1.848948770202696323e-03 6.328620314598083496e-01
1.918181613547176312e-09 7.033699075691401958e-04 9.991513490676879883e-01 1.453246368328109384e-04
3.263138569309376180e-05 2.080520847812294960e-03 9.620258808135986328e-01 3.586098924279212952e-02
9.855452924966812134e-03 9.889290928840637207e-01 1.319903003604849800e-05 1.202282379381358624e-03
8.946765661239624023e-01 4.306734539568424225e-03 1.121382883866317570e-04 1.009045541286468506e-01
1.168948244867351605e-07 5.415136218070983887e-01 4.583250582218170166e-01 1.611445768503472209e-04
8.887883450370281935e-05 7.127123475074768066e-01 2.759993374347686768e-01 1.119938865303993225e-02
8.209290011825225858e-15 7.016036543063819408e-04 9.992982149124145508e-01 1.159962863539476530e-07
4.082923438903339475e-14 2.072572715405840427e-05 9.999791383743286133e-01 9.811019907601803425e-08
2.049671858549118042e-01 7.783007025718688965e-01 1.195605800603516400e-04 1.661256141960620880e-02
1.341499427098824526e-07 2.259651422500610352e-01 7.740055322647094727e-01 2.911194678745232522e-05
3.986806859757052734e-06 3.163423156365752220e-03 9.785133600234985352e-01 1.831915602087974548e-02
9.203717927448451519e-04 6.258713454008102417e-02 7.059600353240966797e-01 2.305325567722320557e-01
8.693813681602478027e-01 1.061170846223831177e-01 5.292753121466375887e-05 2.444857731461524963e-02
4.538506254903040826e-05 9.308895096182823181e-03 9.725726246833801270e-01 1.807312108576297760e-02
9.714336991310119629e-01 2.048214992100838572e-05 2.453798060741974041e-06 2.854337170720100403e-02
7.744506597518920898e-01 1.463725948269711807e-05 1.932977102114818990e-05 2.255153805017471313e-01
5.989586114883422852e-01 2.069405600195750594e-04 5.594673566520214081e-04 4.002750217914581299e-01
9.999517202377319336e-01 3.601873913794406690e-06 1.373376412594495832e-10 4.464930316316895187e-05
3.465367190074175596e-04 9.993773102760314941e-01 1.464296656195074320e-04 1.297448470722883940e-04
8.749867789447307587e-03 9.600547552108764648e-01 2.425649575889110565e-02 6.938935257494449615e-03
9.996385574340820312e-01 3.217991034034639597e-04 7.786463696035639259e-10 3.964972347603179514e-05
1.622576117515563965e-01 3.282102048397064209e-01 8.276392519474029541e-02 4.267682433128356934e-01
7.452991849277168512e-05 2.054298762232065201e-03 9.789638519287109375e-01 1.890724711120128632e-02
1.333827618509531021e-02 9.697272181510925293e-01 1.838525175116956234e-03 1.509590260684490204e-02
9.999994039535522461e-01 5.513618717145618575e-08 1.615962511101586702e-14 6.459688961513165850e-07
4.174728746875189245e-05 4.808261394500732422e-01 5.114380121231079102e-01 7.694143801927566528e-03
1.491475559305399656e-04 9.983982443809509277e-01 1.063702395185828209e-03 3.889366344083100557e-04
8.769650943577289581e-03 1.054910849779844284e-02 7.710617184638977051e-01 2.096195816993713379e-01
1.000000000000000000e+00 6.893748403071289776e-14 3.773354896955682796e-23 1.929879346607155099e-11
1.657143235206604004e-01 8.337218165397644043e-01 5.332621185516472906e-06 5.584367318078875542e-04
1.238367892801761627e-02 5.101208109408617020e-03 3.849995732307434082e-01 5.975155234336853027e-01
2.298719940389609348e-15 5.642685573548078537e-05 9.999434947967529297e-01 9.012639168304303894e-08
4.295903636375442147e-05 4.246481955051422119e-01 5.723239183425903320e-01 2.984948689118027687e-03
6.262443434934539255e-07 1.755459197738673538e-05 9.605543017387390137e-01 3.942755237221717834e-02
9.984542131423950195e-01 1.149487681686878204e-03 1.168190237876842730e-07 3.960571484640240669e-04
4.959831237792968750e-01 5.040152668952941895e-01 1.561886453504968131e-10 1.658110022617620416e-06
1.750224328134208918e-04 2.228793309768661857e-04 9.228208661079406738e-01 7.678115367889404297e-02
6.967873312532901764e-03 9.905355545924976468e-05 8.815925568342208862e-02 9.047738313674926758e-01
9.922066330909729004e-01 3.077901201322674751e-03 2.770301080090575852e-06 4.712816793471574783e-03
4.438692524644238802e-09 9.996876716613769531e-01 3.123962669633328915e-04 5.830994354028007365e-08
5.923655876927114150e-08 6.899041472934186459e-04 9.965864419937133789e-01 2.723508980125188828e-03
4.371593892574310303e-02 2.009204961359500885e-02 5.519472360610961914e-01 3.842447102069854736e-01
1.966626495122909546e-01 4.516088869422674179e-03 1.073880121111869812e-02 7.880824208259582520e-01
7.370575666427612305e-01 1.621175929903984070e-02 1.495157834142446518e-03 2.452355176210403442e-01
5.153470283403294161e-06 9.999734163284301758e-01 1.834694194258190691e-05 3.114038463536417112e-06
1.301850804935611450e-08 9.664756362326443195e-04 9.989352822303771973e-01 9.822380525292828679e-05
3.555784523487091064e-01 6.443980336189270020e-01 7.894067266533966176e-08 2.342879633943084627e-05
9.997504353523254395e-01 7.851055272567464272e-08 5.690535195834733884e-11 2.494367072358727455e-04
4.833106692636590651e-10 9.999940395355224609e-01 5.950404556642752141e-06 2.713083757654999317e-09
1.115561171900480986e-04 9.998883008956909180e-01 1.042312192112149205e-08 9.814901602567260852e-08
6.479615694843232632e-05 5.127057898789644241e-03 8.615952730178833008e-01 1.332128494977951050e-01
9.239850640296936035e-01 5.310344931785948575e-06 6.300317636487307027e-06 7.600341737270355225e-02
9.001383555087665023e-15 1.644345684326253831e-05 9.999829530715942383e-01 5.564839966609724797e-07
4.639978623544038783e-09 9.994057416915893555e-01 5.939003895036876202e-04 4.047150525821052724e-07
3.895716667175292969e-01 5.346647500991821289e-01 1.381427748128771782e-03 7.438214123249053955e-02
4.024256952106952667e-03 9.959751963615417480e-01 5.091562726988740906e-09 6.267330263654002920e-07
2.257454798382241279e-05 9.511458277702331543e-01 4.685618355870246887e-02 1.975412014871835709e-03
9.957467913627624512e-01 4.109477158635854721e-03 2.555893940936471154e-09 1.437887403881177306e-04
1.120200110449331987e-07 2.408166910754516721e-04 9.989217519760131836e-01 8.374024764634668827e-04
1.896080376040387705e-10 5.019961463403888047e-05 9.999241828918457031e-01 2.561288783908821642e-05
2.056887353774072835e-07 5.896392394788563251e-06 9.743957519531250000e-01 2.559808827936649323e-02
8.234598636627197266e-01 2.469235914759337902e-04 1.007296305033378303e-04 1.761925071477890015e-01
7.155683636665344238e-01 2.378622628748416901e-02 1.404319540597498417e-03 2.592410445213317871e-01
1.931727183546172455e-06 7.288187742233276367e-03 9.666714072227478027e-01 2.603850699961185455e-02
9.952652454376220703e-01 1.613327731320168823e-05 6.266010927902243566e-07 4.718017298728227615e-03
9.034054875373840332e-01 9.655094891786575317e-02 5.463994590115817118e-09 4.345840716268867254e-05
6.402755975723266602e-01 4.295883700251579285e-02 2.678252523764967918e-03 3.140872716903686523e-01
