9.917364716529846191e-01 8.263571187853813171e-03
4.088609013706445694e-03 9.959113597869873047e-01
1.000000000000000000e+00 1.000367966241810791e-08
9.999994039535522461e-01 6.050310048522078432e-07
7.798089385032653809e-01 2.201911211013793945e-01
1.328050188931229059e-06 9.999986886978149414e-01
1.552833127789199352e-03 9.984472393989562988e-01
9.998641014099121094e-01 1.358553708996623755e-04
9.991481304168701172e-01 8.518337854184210300e-04
9.958928823471069336e-01 4.107141401618719101e-03
9.976133108139038086e-01 2.386746229603886604e-03
7.290761917829513550e-02 9.270923733711242676e-01
3.194550797343254089e-02 9.680544137954711914e-01
1.154946014285087585e-01 8.845053315162658691e-01
9.996880292892456055e-01 3.119748143944889307e-04
6.443598270416259766e-01 3.556401729583740234e-01
9.987296462059020996e-01 1.270378124900162220e-03
6.276141405105590820e-01 3.723858296871185303e-01
9.601081609725952148e-01 3.989188745617866516e-02
6.107669472694396973e-01 3.892330825328826904e-01
8.582241535186767578e-01 1.417758315801620483e-01
2.309183403849601746e-02 9.769082069396972656e-01
9.998997449874877930e-01 1.002238641376607120e-04
3.908057510852813721e-02 9.609193801879882812e-01
9.999918937683105469e-01 8.133531991916242987e-06
1.493920944631099701e-02 9.850607514381408691e-01
3.550752252340316772e-02 9.644924998283386230e-01
4.300540089607238770e-01 5.699459314346313477e-01
7.552774623036384583e-04 9.992446899414062500e-01
9.995298385620117188e-01 4.702213918790221214e-04
9.920484423637390137e-01 7.951493375003337860e-03
9.806131012737751007e-03 9.901939034461975098e-01
2.123556099832057953e-03 9.978764057159423828e-01
1.033351570367813110e-02 9.896664619445800781e-01
4.925674147671088576e-05 9.999507665634155273e-01
9.847130775451660156e-01 1.528700627386569977e-02
3.108797827735543251e-04 9.996891021728515625e-01
3.604411613196134567e-03 9.963956475257873535e-01
9.080165997147560120e-03 9.909198284149169922e-01
9.990922212600708008e-01 9.077645954675972462e-04
9.939365983009338379e-01 6.063453853130340576e-03
9.999914169311523438e-01 8.579566383559722453e-06
2.459684945642948151e-02 9.754031896591186523e-01
9.935721158981323242e-01 6.427916698157787323e-03
2.483068704605102539e-01 7.516931295394897461e-01
6.983757019042968750e-01 3.016243278980255127e-01
9.994999170303344727e-01 5.001022364012897015e-04
9.526510536670684814e-02 9.047349095344543457e-01
9.793614745140075684e-01 2.063856646418571472e-02
9.977184534072875977e-01 2.281629713252186775e-03
1.068036654032766819e-03 9.989319443702697754e-01
6.292005181312561035e-01 3.707994818687438965e-01
1.000000000000000000e+00 6.172457683861765076e-11
9.998124241828918457e-01 1.875767629826441407e-04
9.564729779958724976e-02 9.043526649475097656e-01
3.568350151181221008e-02 9.643164277076721191e-01
2.564682997763156891e-02 9.743531942367553711e-01
9.970160722732543945e-01 2.983879763633012772e-03
7.563582062721252441e-01 2.436417490243911743e-01
1.521563529968261719e-01 8.478437066078186035e-01
9.959172606468200684e-01 4.082759842276573181e-03
9.050909280776977539e-01 9.490907937288284302e-02
5.397691857069730759e-03 9.946022629737854004e-01
1.069735288619995117e-01 8.930264115333557129e-01
1.472987234592437744e-01 8.527013659477233887e-01
8.858548402786254883e-01 1.141450852155685425e-01
2.922673011198639870e-03 9.970773458480834961e-01
9.975584745407104492e-01 2.441553631797432899e-03
2.775136530399322510e-01 7.224863171577453613e-01
4.110161680728197098e-03 9.958898425102233887e-01
2.209873199462890625e-01 7.790126800537109375e-01
2.940581552684307098e-02 9.705942273139953613e-01
9.342532753944396973e-01 6.574674695730209351e-02
1.000000000000000000e+00 3.293612049759531146e-10
9.994453787803649902e-01 5.546308238990604877e-04
2.768689095973968506e-01 7.231310606002807617e-01
4.632760882377624512e-01 5.367239713668823242e-01
6.046958565711975098e-01 3.953040838241577148e-01
5.506840348243713379e-02 9.449316263198852539e-01
1.406836137175559998e-02 9.859316349029541016e-01
1.821981370449066162e-02 9.817802309989929199e-01
9.999691247940063477e-01 3.090450627496466041e-05
9.994274377822875977e-01 5.725384107790887356e-04
9.778404831886291504e-01 2.215954661369323730e-02
1.326092183589935303e-01 8.673907518386840820e-01
9.397180080413818359e-01 6.028196960687637329e-02
9.962016940116882324e-01 3.798273159191012383e-03
9.499351978302001953e-01 5.006484687328338623e-02
6.408486515283584595e-02 9.359151124954223633e-01
9.948070645332336426e-01 5.192928481847047806e-03
2.032403647899627686e-02 9.796760082244873047e-01
4.034270532429218292e-03 9.959657192230224609e-01
1.455137729644775391e-01 8.544861674308776855e-01
7.254807949066162109e-01 2.745192646980285645e-01
2.463002456352114677e-04 9.997536540031433105e-01
9.999994039535522461e-01 5.404096441452566069e-07
9.893049001693725586e-01 1.069510541856288910e-02
9.999904632568359375e-01 9.594584298611152917e-06
4.326942842453718185e-03 9.956730008125305176e-01
9.999860525131225586e-01 1.391393561789300293e-05
9.999998807907104492e-01 8.977665544307456003e-08
9.992097616195678711e-01 7.902511279098689556e-04
9.001600742340087891e-01 9.983990341424942017e-02
9.921377301216125488e-01 7.862247526645660400e-03
2.466995716094970703e-01 7.533004283905029297e-01
8.231369853019714355e-01 1.768629699945449829e-01
6.296084821224212646e-02 9.370391964912414551e-01
9.491534829139709473e-01 5.084652081131935120e-02
3.602649958338588476e-04 9.996397495269775391e-01
1.395592652261257172e-02 9.860440492630004883e-01
8.148232102394104004e-01 1.851768344640731812e-01
7.820044159889221191e-01 2.179956585168838501e-01
1.275610551238059998e-02 9.872438311576843262e-01
9.898443222045898438e-01 1.015566103160381317e-02
9.928319454193115234e-01 7.168080657720565796e-03
5.818120837211608887e-01 4.181879162788391113e-01
2.869496345520019531e-01 7.130503654479980469e-01
2.375523763475939631e-04 9.997624754905700684e-01
8.603490591049194336e-01 1.396510004997253418e-01
9.999835491180419922e-01 1.642127608647570014e-05
4.723438918590545654e-01 5.276561379432678223e-01
9.998434782028198242e-01 1.564687263453379273e-04
5.924752950668334961e-01 4.075247049331665039e-01
9.999920129776000977e-01 8.038681698963046074e-06
9.999996423721313477e-01 3.003937649737054016e-07
9.996913671493530273e-01 3.086866345256567001e-04
9.999929666519165039e-01 7.074512723193038255e-06
3.842541218546102755e-08 1.000000000000000000e+00
7.009404897689819336e-01 2.990594804286956787e-01
