7.056057074805721641e-05
5.739235348301008344e-05
6.487233622465282679e-05
6.054242112440988421e-05
9.364189463667571545e-05
1.162335902336053550e-04
1.939172798302024603e-04
7.604602243445004626e-18
2.020254032686352730e-04
7.246604218380525708e-05
4.324672401873758121e-15
1.136522098654779711e-09
7.434756844304502010e-05
4.915627505397424102e-05
2.532449725549668074e-04
6.545447067595863192e-21
4.638031532522290945e-05
1.739788137431346772e-17
8.147564949467778206e-05
1.178359016194008291e-04
1.252630754606798291e-04
7.535215686686096495e-17
6.740538810845464468e-05
3.845541141345165670e-05
2.515043015591800213e-04
3.592037537600845098e-04
3.354541903400444025e-16
4.032996657770127058e-04
6.881279114168137312e-05
5.898700328543782234e-05
1.133595210968448438e-20
2.906914075770372641e-13
2.748556514873024627e-19
8.738092583371326327e-05
6.816568929934874177e-05
4.525176773313432932e-04
