9.945979118347167969e-01 5.402122624218463898e-03
8.816083893179893494e-03 9.911839962005615234e-01
1.000000000000000000e+00 5.442154282775391039e-09
1.000000000000000000e+00 2.767895068700454431e-08
3.286834657192230225e-01 6.713165044784545898e-01
6.321606178971705958e-06 9.999936819076538086e-01
7.536224438808858395e-04 9.992463588714599609e-01
9.999105930328369141e-01 8.943415741669014096e-05
9.548623561859130859e-01 4.513770341873168945e-02
9.787176847457885742e-01 2.128232456743717194e-02
9.994403719902038574e-01 5.596354603767395020e-04
5.675373226404190063e-02 9.432463049888610840e-01
1.512455046176910400e-01 8.487544655799865723e-01
9.656938165426254272e-02 9.034306406974792480e-01
9.999998807907104492e-01 7.414847402742452687e-08
5.876181125640869141e-01 4.123818278312683105e-01
8.709340095520019531e-01 1.290660053491592407e-01
7.754461765289306641e-01 2.245538383722305298e-01
7.045223116874694824e-01 2.954776883125305176e-01
5.978816747665405273e-01 4.021183550357818604e-01
9.443957805633544922e-01 5.560415983200073242e-02
8.675911463797092438e-03 9.913240671157836914e-01
9.999082088470458984e-01 9.177667379844933748e-05
2.582758069038391113e-01 7.417242527008056641e-01
9.800281524658203125e-01 1.997188106179237366e-02
5.845481157302856445e-02 9.415451288223266602e-01
2.795509435236454010e-02 9.720449447631835938e-01
6.809527277946472168e-01 3.190473020076751709e-01
4.002862551715224981e-04 9.995997548103332520e-01
9.993203878402709961e-01 6.795934750698506832e-04
9.988130331039428711e-01 1.186983659863471985e-03
4.037438891828060150e-03 9.959625601768493652e-01
8.040912689466495067e-06 9.999920129776000977e-01
8.318399637937545776e-02 9.168159961700439453e-01
6.549830141011625528e-05 9.999345541000366211e-01
9.793267250061035156e-01 2.067329175770282745e-02
5.062646232545375824e-05 9.999493360519409180e-01
3.341040015220642090e-02 9.665896296501159668e-01
5.815602373331785202e-03 9.941844344139099121e-01
9.999862909317016602e-01 1.365844946121796966e-05
9.926841855049133301e-01 7.315839175134897232e-03
9.999904632568359375e-01 9.499938641965854913e-06
1.078386008739471436e-01 8.921613693237304688e-01
3.259617984294891357e-01 6.740381717681884766e-01
5.266915559768676758e-01 4.733084142208099365e-01
3.533105850219726562e-01 6.466894149780273438e-01
9.794451594352722168e-01 2.055485360324382782e-02
7.618134375661611557e-03 9.923818707466125488e-01
9.864701628684997559e-01 1.352983154356479645e-02
9.529390335083007812e-01 4.706097766757011414e-02
8.083513239398598671e-04 9.991917014122009277e-01
8.165614008903503418e-01 1.834386140108108521e-01
1.000000000000000000e+00 4.477825754634068289e-08
9.987112283706665039e-01 1.288767205551266670e-03
2.716768980026245117e-01 7.283231019973754883e-01
1.277818111702799797e-03 9.987221360206604004e-01
1.778041720390319824e-01 8.221957683563232422e-01
9.995686411857604980e-01 4.313937388360500336e-04
8.707306981086730957e-01 1.292693316936492920e-01
6.548554301261901855e-01 3.451445698738098145e-01
9.997157454490661621e-01 2.842733811121433973e-04
9.914775490760803223e-01 8.522472344338893890e-03
3.097026841714978218e-03 9.969030022621154785e-01
1.257271785289049149e-02 9.874272346496582031e-01
6.099623069167137146e-02 9.390037655830383301e-01
9.290788173675537109e-01 7.092113047838211060e-02
9.206773938785772771e-07 9.999990463256835938e-01
9.994913339614868164e-01 5.086316377855837345e-04
8.467954993247985840e-01 1.532044708728790283e-01
2.524816954974085093e-04 9.997474551200866699e-01
5.691124200820922852e-01 4.308875501155853271e-01
9.436891973018646240e-02 9.056310653686523438e-01
9.848782420158386230e-01 1.512179244309663773e-02
1.000000000000000000e+00 1.759208195784012219e-10
9.975925087928771973e-01 2.407485619187355042e-03
9.495537728071212769e-02 9.050446152687072754e-01
5.044335126876831055e-01 4.955665469169616699e-01
2.946864962577819824e-01 7.053135037422180176e-01
1.276814341545104980e-01 8.723185658454895020e-01
9.294877760112285614e-03 9.907050728797912598e-01
2.952057123184204102e-01 7.047942876815795898e-01
9.999828338623046875e-01 1.714087193249724805e-05
9.911080598831176758e-01 8.891863748431205750e-03
9.973769187927246094e-01 2.623042091727256775e-03
5.168984178453683853e-03 9.948310256004333496e-01
9.249722957611083984e-01 7.502770423889160156e-02
9.999115467071533203e-01 8.847798744682222605e-05
8.093934655189514160e-01 1.906065642833709717e-01
2.356356531381607056e-01 7.643643021583557129e-01
9.721917510032653809e-01 2.780821360647678375e-02
2.321279235184192657e-02 9.767872691154479980e-01
8.863992989063262939e-04 9.991136193275451660e-01
3.367109224200248718e-02 9.663288593292236328e-01
2.348294258117675781e-01 7.651705741882324219e-01
1.187070156447589397e-03 9.988129138946533203e-01
9.999997615814208984e-01 2.286762423864274751e-07
7.948650717735290527e-01 2.051348984241485596e-01
9.999991655349731445e-01 8.214047966248472221e-07
1.016573607921600342e-01 8.983426690101623535e-01
4.059036672115325928e-01 5.940963029861450195e-01
9.999998807907104492e-01 7.381756716995369061e-08
9.998724460601806641e-01 1.275758550036698580e-04
7.942256331443786621e-01 2.057743668556213379e-01
9.774722456932067871e-01 2.252779901027679443e-02
1.565654724836349487e-01 8.434345722198486328e-01
8.317947983741760254e-01 1.682052463293075562e-01
5.439849942922592163e-02 9.456015229225158691e-01
9.970098733901977539e-01 2.990136621519923210e-03
1.603856682777404785e-02 9.839614629745483398e-01
4.803137853741645813e-02 9.519686698913574219e-01
9.445544481277465820e-01 5.544549599289894104e-02
8.140398263931274414e-01 1.859601438045501709e-01
2.507671527564525604e-02 9.749232530593872070e-01
9.999972581863403320e-01 2.707751036723493598e-06
9.480184912681579590e-01 5.198145657777786255e-02
1.272798776626586914e-01 8.727200627326965332e-01
2.089458703994750977e-01 7.910541296005249023e-01
1.464578090235590935e-04 9.998534917831420898e-01
7.345598340034484863e-01 2.654401361942291260e-01
9.999980926513671875e-01 1.921191142173483968e-06
9.056665897369384766e-01 9.433346241712570190e-02
1.000000000000000000e+00 3.238123935656034291e-10
5.387865900993347168e-01 4.612134397029876709e-01
9.999929666519165039e-01 7.011978141235886142e-06
9.998712539672851562e-01 1.287483173655346036e-04
9.999541044235229492e-01 4.594393249135464430e-05
9.999186992645263672e-01 8.131319191306829453e-05
1.012110146803024691e-07 9.999998807907104492e-01
9.701970815658569336e-01 2.980295941233634949e-02
