8.670995235443115234e-01 1.558713614940643311e-01
9.899505376815795898e-01 1.005572453141212463e-02
3.996871411800384521e-01 6.630886197090148926e-01
9.885429143905639648e-01 1.163964532315731049e-02
9.656636118888854980e-01 3.858568146824836731e-02
9.734103679656982422e-01 2.868279628455638885e-02
8.815833926200866699e-01 1.467782706022262573e-01
9.844207763671875000e-01 1.601596176624298096e-02
9.764826297760009766e-01 2.812115103006362915e-02
8.833158016204833984e-01 1.519030481576919556e-01
9.901310205459594727e-01 9.902793914079666138e-03
9.847437739372253418e-01 1.698832772672176361e-02
9.760969281196594238e-01 2.533365972340106964e-02
9.770664572715759277e-01 2.617568336427211761e-02
9.755149483680725098e-01 2.646840363740921021e-02
9.875532388687133789e-01 1.268593780696392059e-02
9.586282968521118164e-01 4.707825183868408203e-02
9.461110234260559082e-01 6.191834434866905212e-02
9.389762282371520996e-01 6.824331730604171753e-02
9.900795221328735352e-01 9.954988956451416016e-03
9.821355342864990234e-01 1.862283796072006226e-02
9.898555278778076172e-01 1.016225852072238922e-02
9.877418279647827148e-01 1.259886939078569412e-02
9.897983074188232422e-01 1.028608717024326324e-02
9.861927628517150879e-01 1.414175983518362045e-02
8.372584581375122070e-01 2.114276736974716187e-01
9.899472594261169434e-01 1.005858741700649261e-02
9.732064008712768555e-01 3.233102336525917053e-02
9.797318577766418457e-01 2.220902964472770691e-02
8.390944004058837891e-01 2.151133865118026733e-01
9.815969467163085938e-01 1.918984577059745789e-02
7.820721268653869629e-01 2.600885629653930664e-01
8.379303812980651855e-01 2.067037373781204224e-01
8.728109002113342285e-01 1.497031897306442261e-01
9.831468462944030762e-01 1.775600574910640717e-02
7.899730205535888672e-01 2.518905401229858398e-01
9.871115088462829590e-01 1.326448470354080200e-02
8.243554234504699707e-01 2.155664116144180298e-01
9.512271881103515625e-01 5.359530076384544373e-02
8.032657504081726074e-01 2.352734208106994629e-01
9.896184802055358887e-01 1.048253104090690613e-02
8.613850474357604980e-01 1.611540466547012329e-01
9.491520524024963379e-01 5.875854194164276123e-02
9.776788949966430664e-01 2.353638596832752228e-02
9.522419571876525879e-01 5.246259644627571106e-02
8.314856886863708496e-01 1.997096687555313110e-01
8.616998195648193359e-01 1.610889881849288940e-01
9.541232585906982422e-01 5.934147164225578308e-02
9.700479507446289062e-01 3.233904391527175903e-02
9.749338626861572266e-01 2.667788788676261902e-02
8.321149945259094238e-01 1.971381902694702148e-01
9.898109436035156250e-01 1.021184492856264114e-02
8.527576923370361328e-01 1.739332675933837891e-01
8.736577033996582031e-01 1.464916914701461792e-01
9.899897575378417969e-01 1.008398737758398056e-02
7.781460881233215332e-01 2.715528607368469238e-01
9.863408803939819336e-01 1.398383546620607376e-02
9.001666307449340820e-01 1.165436655282974243e-01
8.051881790161132812e-01 2.334977388381958008e-01
9.327165484428405762e-01 8.553514629602432251e-02
9.859417080879211426e-01 1.443075295537710190e-02
9.719950556755065918e-01 3.123972564935684204e-02
9.892153143882751465e-01 1.135998964309692383e-02
9.860440492630004883e-01 1.436471100896596909e-02
8.301662206649780273e-01 2.086260914802551270e-01
9.741986989974975586e-01 2.818252705037593842e-02
8.448712229728698730e-01 1.902876645326614380e-01
7.907966375350952148e-01 2.512037754058837891e-01
9.842774868011474609e-01 1.625247299671173096e-02
8.866379857063293457e-01 1.359721720218658447e-01
9.864343404769897461e-01 1.398878172039985657e-02
9.237166643142700195e-01 8.658321946859359741e-02
