7.799623068422079086e-03 6.746259927749633789e-01 1.604242771863937378e-01 1.571500599384307861e-01
6.278372555971145630e-02 1.883986964821815491e-02 8.012629300355911255e-02 8.382501602172851562e-01
5.725777009502053261e-04 2.762099541723728180e-02 8.096482157707214355e-01 1.621582806110382080e-01
3.012199401855468750e-01 1.454488933086395264e-02 1.114744786173105240e-02 6.730877161026000977e-01
1.259293407201766968e-03 7.308977842330932617e-01 2.093027979135513306e-01 5.854019522666931152e-02
5.192969925701618195e-03 3.592901676893234253e-02 5.444452166557312012e-01 4.144327938556671143e-01
1.217657583765685558e-03 7.236644029617309570e-01 2.147074341773986816e-01 6.041047349572181702e-02
2.535513341426849365e-01 1.577728055417537689e-02 1.733554899692535400e-02 7.133358120918273926e-01
9.845320164458826184e-05 7.845667749643325806e-02 8.691880106925964355e-01 5.225687474012374878e-02
7.362319593084976077e-05 7.693026214838027954e-02 8.789319992065429688e-01 4.406408593058586121e-02
1.545166887808591127e-04 9.348366409540176392e-02 8.429450392723083496e-01 6.341676414012908936e-02
6.858310080133378506e-04 2.080635279417037964e-01 6.727118492126464844e-01 1.185387670993804932e-01
3.176882397383451462e-03 7.255725860595703125e-01 1.761376857757568359e-01 9.511286765336990356e-02
1.608909224160015583e-03 7.178541421890258789e-01 2.092054635286331177e-01 7.133142650127410889e-02
7.196292281150817871e-03 6.975158452987670898e-01 1.508445441722869873e-01 1.444432437419891357e-01
5.137561311130411923e-05 6.910026073455810547e-02 8.936437368392944336e-01 3.720469772815704346e-02
1.115964539349079132e-02 6.688840985298156738e-01 1.399657726287841797e-01 1.799905002117156982e-01
8.010865421965718269e-04 2.017875611782073975e-01 6.737412810325622559e-01 1.236700490117073059e-01
1.830280758440494537e-03 7.389944791793823242e-01 1.883556693792343140e-01 7.081954181194305420e-02
4.561296198517084122e-03 3.171497955918312073e-02 5.443664193153381348e-01 4.193572998046875000e-01
6.917876453371718526e-05 7.684998214244842529e-02 8.804934620857238770e-01 4.258732497692108154e-02
2.205733675509691238e-03 7.462563514709472656e-01 1.760394275188446045e-01 7.549854367971420288e-02
1.396079547703266144e-03 7.226328253746032715e-01 2.107179164886474609e-01 6.525319814682006836e-02
3.801533486694097519e-03 4.665179550647735596e-02 5.516133308410644531e-01 3.979334235191345215e-01
7.536815246567130089e-05 1.105498373508453369e-01 8.477540612220764160e-01 4.162071645259857178e-02
5.783950909972190857e-04 2.115238457918167114e-01 6.848887801170349121e-01 1.030090376734733582e-01
9.725777432322502136e-03 6.607076525688171387e-01 1.523499339818954468e-01 1.772166192531585693e-01
2.798146801069378853e-03 7.314555644989013672e-01 1.775587797164916992e-01 8.818756043910980225e-02
4.986872430890798569e-03 3.798847272992134094e-02 5.403435826301574707e-01 4.166811406612396240e-01
6.899544037878513336e-03 6.758749485015869141e-01 1.649534702301025391e-01 1.522719562053680420e-01
1.815883326344192028e-03 7.539314627647399902e-01 1.766416579484939575e-01 6.761105358600616455e-02
3.218757046852260828e-05 4.104846715927124023e-02 9.264351129531860352e-01 3.248418867588043213e-02
3.159593557938933372e-03 7.155277132987976074e-01 1.827099174261093140e-01 9.860281646251678467e-02
7.285548839718103409e-03 6.801533699035644531e-01 1.591880172491073608e-01 1.533730626106262207e-01
1.997166546061635017e-03 7.174070477485656738e-01 2.023207247257232666e-01 7.827512174844741821e-02
3.161580301821231842e-03 7.093517780303955078e-01 1.880527138710021973e-01 9.943396598100662231e-02
7.557770004495978355e-04 2.063069045543670654e-01 6.725566387176513672e-01 1.203806772828102112e-01
1.026075333356857300e-04 1.231173276901245117e-01 8.287569284439086914e-01 4.802310466766357422e-02
3.537678567226976156e-04 3.577007055282592773e-01 5.839032530784606934e-01 5.804231390357017517e-02
8.883897680789232254e-04 2.186974883079528809e-01 6.464397311210632324e-01 1.339744180440902710e-01
8.987757610157132149e-05 8.231657743453979492e-02 8.688260912895202637e-01 4.876743629574775696e-02
2.093055751174688339e-03 7.367669939994812012e-01 1.852205842733383179e-01 7.591936737298965454e-02
1.361475297017022967e-04 1.279870867729187012e-01 8.185552954673767090e-01 5.332151055335998535e-02
5.931628402322530746e-04 1.961685717105865479e-01 6.937975287437438965e-01 1.094407588243484497e-01
3.067622310481965542e-04 1.686599701642990112e-01 7.493560910224914551e-01 8.167721331119537354e-02
1.092259888537228107e-03 3.656618297100067139e-02 7.568552494049072266e-01 2.054862827062606812e-01
1.367271994240581989e-03 7.396635413169860840e-01 1.996648758649826050e-01 5.930431932210922241e-02
3.108179196715354919e-03 7.194201350212097168e-01 1.822913289070129395e-01 9.518036246299743652e-02
5.921247880905866623e-03 3.886527940630912781e-02 5.424098372459411621e-01 4.128036499023437500e-01
2.993397647514939308e-03 3.443983942270278931e-02 5.622961521148681641e-01 4.002706706523895264e-01
2.018772996962070465e-03 7.203043699264526367e-01 2.002532035112380981e-01 7.742365449666976929e-02
3.047848585993051529e-04 3.031385317444801331e-02 8.572292327880859375e-01 1.121520549058914185e-01
1.232404611073434353e-04 7.782535254955291748e-02 8.592797517776489258e-01 6.277161091566085815e-02
4.328388895373791456e-04 2.576650492846965790e-02 8.251631855964660645e-01 1.486375629901885986e-01
2.752529690042138100e-03 7.429797053337097168e-01 1.693997532129287720e-01 8.486802130937576294e-02
8.105572313070297241e-03 6.650509834289550781e-01 1.614702045917510986e-01 1.653732657432556152e-01
2.106370180845260620e-01 1.838917657732963562e-02 2.125579304993152618e-02 7.497180104255676270e-01
8.131609647534787655e-04 7.717375159263610840e-01 1.857703030109405518e-01 4.167896881699562073e-02
1.305502140894532204e-03 7.374529838562011719e-01 2.022867947816848755e-01 5.895474180579185486e-02
7.363555050687864423e-05 7.267084717750549316e-02 8.820859193801879883e-01 4.516953602433204651e-02
6.928819930180907249e-04 2.341556549072265625e-01 6.528728604316711426e-01 1.122786253690719604e-01
2.257906598970293999e-04 4.697840660810470581e-02 8.739585280418395996e-01 7.883731275796890259e-02
9.606277453713119030e-04 3.811772167682647705e-02 7.706654667854309082e-01 1.902562379837036133e-01
6.551195401698350906e-04 1.890859901905059814e-01 6.936881542205810547e-01 1.165707185864448547e-01
1.923561096191406250e-03 7.434344291687011719e-01 1.833864003419876099e-01 7.125551253557205200e-02
2.014422090724110603e-03 7.351422309875488281e-01 1.875309944152832031e-01 7.531232386827468872e-02
6.191168358782306314e-05 2.387059107422828674e-02 9.312855601310729980e-01 4.478199779987335205e-02
2.559216925874352455e-03 2.585706673562526703e-02 5.912390947341918945e-01 3.803445994853973389e-01
5.423573747975751758e-05 7.106405496597290039e-02 8.904688954353332520e-01 3.841275349259376526e-02
8.060202526394277811e-05 5.820355191826820374e-02 8.899737596511840820e-01 5.174209177494049072e-02
6.994871364440768957e-05 1.114016324281692505e-01 8.490345478057861328e-01 3.949391841888427734e-02
8.105754386633634567e-04 1.988149583339691162e-01 6.705839037895202637e-01 1.297905445098876953e-01
5.276209558360278606e-04 1.670722514390945435e-01 7.248327136039733887e-01 1.075674146413803101e-01
4.123835606151260436e-05 1.972936280071735382e-02 9.400395154953002930e-01 4.018994420766830444e-02
4.910239018499851227e-03 7.046597599983215332e-01 1.668949872255325317e-01 1.235349848866462708e-01
3.337680129334330559e-03 7.265566587448120117e-01 1.735491901636123657e-01 9.655646979808807373e-02
