7.916873097419738770e-01 2.538501620292663574e-01
8.376687765121459961e-01 2.157607227563858032e-01
3.960653245449066162e-01 6.661207675933837891e-01
8.620045185089111328e-01 1.737532913684844971e-01
8.164702653884887695e-01 2.463314533233642578e-01
8.926570415496826172e-01 1.331373602151870728e-01
8.115808367729187012e-01 2.302565276622772217e-01
7.940425872802734375e-01 2.615267932415008545e-01
8.516587615013122559e-01 1.955296397209167480e-01
9.179503917694091797e-01 1.057503446936607361e-01
8.756965994834899902e-01 1.517363935708999634e-01
8.999623060226440430e-01 1.603755056858062744e-01
8.562989830970764160e-01 1.892351359128952026e-01
8.832577466964721680e-01 1.496915966272354126e-01
8.563570976257324219e-01 1.913007795810699463e-01
8.242292404174804688e-01 2.298280447721481323e-01
8.800122141838073730e-01 1.564213186502456665e-01
8.050109148025512695e-01 2.336692214012145996e-01
8.338055014610290527e-01 2.017141729593276978e-01
8.702560663223266602e-01 1.617446094751358032e-01
8.407066464424133301e-01 2.009932249784469604e-01
7.988492250442504883e-01 2.833800315856933594e-01
8.045084476470947266e-01 2.460736036300659180e-01
8.746635913848876953e-01 1.620073616504669189e-01
8.572233915328979492e-01 1.796319335699081421e-01
9.309130311012268066e-01 8.676882833242416382e-02
8.165278434753417969e-01 2.442778795957565308e-01
8.799678087234497070e-01 1.606284976005554199e-01
9.207010865211486816e-01 9.160491824150085449e-02
9.187681078910827637e-01 1.011410430073738098e-01
8.440697789192199707e-01 2.069065272808074951e-01
8.302807807922363281e-01 2.037607431411743164e-01
8.184192776679992676e-01 2.292163819074630737e-01
8.528499007225036621e-01 1.748742163181304932e-01
8.834590315818786621e-01 1.510594338178634644e-01
8.695352077484130859e-01 1.574515849351882935e-01
7.903941273689270020e-01 2.675592005252838135e-01
8.691878914833068848e-01 1.544999182224273682e-01
8.134908080101013184e-01 2.213451415300369263e-01
8.506950139999389648e-01 1.783863604068756104e-01
8.003468513488769531e-01 2.637260556221008301e-01
9.420768022537231445e-01 6.980428099632263184e-02
8.774678111076354980e-01 1.629332453012466431e-01
7.990133762359619141e-01 2.669211626052856445e-01
8.360071182250976562e-01 1.956849545240402222e-01
8.309749364852905273e-01 2.040528357028961182e-01
8.544977903366088867e-01 1.730786561965942383e-01
9.270665645599365234e-01 1.149951815605163574e-01
8.370460867881774902e-01 2.161935269832611084e-01
8.191234469413757324e-01 2.338892370462417603e-01
9.127913117408752441e-01 9.935804456472396851e-02
7.973381280899047852e-01 2.856895625591278076e-01
7.770103216171264648e-01 2.700347602367401123e-01
7.830165028572082520e-01 2.621009051799774170e-01
8.240356445312500000e-01 2.477430105209350586e-01
8.301743268966674805e-01 2.079263627529144287e-01
8.741064071655273438e-01 1.554757207632064819e-01
8.721110820770263672e-01 1.547188013792037964e-01
8.379291296005249023e-01 1.941336393356323242e-01
8.702172636985778809e-01 1.739043891429901123e-01
8.072792291641235352e-01 2.450458109378814697e-01
8.757588863372802734e-01 1.624925881624221802e-01
9.078934788703918457e-01 1.278307735919952393e-01
8.757975697517395020e-01 1.658294051885604858e-01
8.685248494148254395e-01 1.624437123537063599e-01
8.330578804016113281e-01 2.203864455223083496e-01
8.753166794776916504e-01 1.461691707372665405e-01
8.621754646301269531e-01 1.641212999820709229e-01
8.583757877349853516e-01 1.984462141990661621e-01
8.270351886749267578e-01 2.315140515565872192e-01
8.866394758224487305e-01 1.424827575683593750e-01
9.155321121215820312e-01 9.878405183553695679e-02
