3.596677444875240326e-03
4.204269498586654663e-03
2.019133185967803001e-03
8.168972562998533249e-04
3.134956641588360071e-04
2.844631206244230270e-03
8.239319431595504284e-04
1.588661340065300465e-03
1.400388893671333790e-03
3.479882143437862396e-03
8.910601027309894562e-04
4.061277490109205246e-03
2.398793585598468781e-04
3.866047598421573639e-03
1.019568517222069204e-04
2.254834165796637535e-03
1.630671031307429075e-04
1.197470483020879328e-04
1.925635879160836339e-04
4.907107446342706680e-03
1.671153586357831955e-03
1.465208362787961960e-03
5.019076634198427200e-04
1.813118695281445980e-03
1.914368709549307823e-03
3.776532248593866825e-04
3.360514529049396515e-03
1.918486785143613815e-03
1.599054303369484842e-05
9.375620284117758274e-04
4.497310146689414978e-03
2.558569889515638351e-03
1.094817765988409519e-03
2.086116233840584755e-03
4.472514556255191565e-04
3.444319358095526695e-03
2.234721789136528969e-03
3.679190529510378838e-03
4.875384329352527857e-04
