9.810334444046020508e-01 1.896650344133377075e-02
6.335930083878338337e-04 9.993664622306823730e-01
9.607347249984741211e-01 3.926530107855796814e-02
1.255083247997390572e-06 9.999986886978149414e-01
2.268244698643684387e-02 9.773175716400146484e-01
9.459919333457946777e-01 5.400812253355979919e-02
8.267295956611633301e-01 1.732703745365142822e-01
2.664010971784591675e-03 9.973359704017639160e-01
9.999402761459350586e-01 5.968159894109703600e-05
6.439085006713867188e-01 3.560915589332580566e-01
3.194659203290939331e-02 9.680534601211547852e-01
9.998825788497924805e-01 1.174192148027941585e-04
7.734102606773376465e-01 2.265897691249847412e-01
6.904146820306777954e-02 9.309585690498352051e-01
8.959495367832914781e-09 1.000000000000000000e+00
3.476208308711647987e-03 9.965237975120544434e-01
4.721192643046379089e-02 9.527880549430847168e-01
8.869048324413597584e-04 9.991130232810974121e-01
9.202504158020019531e-01 7.974960654973983765e-02
9.999994039535522461e-01 5.725265737055451609e-07
6.209554076194763184e-01 3.790446221828460693e-01
8.964692354202270508e-01 1.035307720303535461e-01
9.828233718872070312e-01 1.717666164040565491e-02
8.121070861816406250e-01 1.878929287195205688e-01
9.417243003845214844e-01 5.827566608786582947e-02
9.979465603828430176e-01 2.053419128060340881e-03
9.453205466270446777e-01 5.467947572469711304e-02
1.528763025999069214e-01 8.471237421035766602e-01
2.323378622531890869e-01 7.676621079444885254e-01
8.519066572189331055e-01 1.480933725833892822e-01
9.998351335525512695e-01 1.648553006816655397e-04
9.908479452133178711e-01 9.152062237262725830e-03
4.597104191780090332e-01 5.402895808219909668e-01
9.999048709869384766e-01 9.511549433227628469e-05
9.975234866142272949e-01 2.476554596796631813e-03
9.984828829765319824e-01 1.517144497483968735e-03
9.910728335380554199e-01 8.927147835493087769e-03
1.454971823841333389e-02 9.854502677917480469e-01
4.830432590097188950e-03 9.951695799827575684e-01
9.339849352836608887e-01 6.601507961750030518e-02
1.000000000000000000e+00 2.879303018232803879e-08
2.536017596721649170e-01 7.463982701301574707e-01
9.681977033615112305e-01 3.180237114429473877e-02
1.096201092004776001e-01 8.903798460960388184e-01
7.216226458549499512e-01 2.783773839473724365e-01
2.740317257121205330e-03 9.972596168518066406e-01
9.985944628715515137e-01 1.405476476065814495e-03
9.791825413703918457e-01 2.081742137670516968e-02
9.893500208854675293e-01 1.064994744956493378e-02
2.719549411267507821e-05 9.999728202819824219e-01
5.219016748014837503e-05 9.999477863311767578e-01
1.261906698346138000e-02 9.873809814453125000e-01
1.463477406650781631e-02 9.853652119636535645e-01
1.783377811079844832e-04 9.998217225074768066e-01
1.000000000000000000e+00 2.930439890747038589e-09
1.028819315251894295e-04 9.998971223831176758e-01
9.994552731513977051e-01 5.446994910016655922e-04
9.999432563781738281e-01 5.675984721165150404e-05
9.483983516693115234e-01 5.160162225365638733e-02
9.753959178924560547e-01 2.460404485464096069e-02
3.918040990829467773e-01 6.081959009170532227e-01
9.650799632072448730e-01 3.492009267210960388e-02
7.854109406471252441e-01 2.145890444517135620e-01
9.399531483650207520e-01 6.004692241549491882e-02
2.668291516602039337e-02 9.733170270919799805e-01
3.541946038603782654e-02 9.645805358886718750e-01
1.989359110593795776e-01 8.010640144348144531e-01
9.803148508071899414e-01 1.968519762158393860e-02
9.999543428421020508e-01 4.561137029668316245e-05
1.263175217900425196e-04 9.998736381530761719e-01
9.813515543937683105e-01 1.864844188094139099e-02
9.966397285461425781e-01 3.360213944688439369e-03
