8.949088454246520996e-01 1.050911173224449158e-01
4.177746362984180450e-03 9.958223104476928711e-01
9.648791551589965820e-01 3.512087836861610413e-02
1.350604907202068716e-05 9.999865293502807617e-01
3.035963140428066254e-02 9.696403741836547852e-01
9.720307588577270508e-01 2.796921879053115845e-02
5.651143193244934082e-01 4.348856210708618164e-01
4.210754763334989548e-03 9.957892298698425293e-01
9.999599456787109375e-01 4.001015986432321370e-05
9.096975922584533691e-01 9.030237048864364624e-02
6.056512594223022461e-01 3.943487405776977539e-01
9.992603659629821777e-01 7.396606961265206337e-04
8.893557786941528320e-01 1.106442287564277649e-01
4.897163063287734985e-02 9.510282874107360840e-01
2.080682497762609273e-05 9.999791383743286133e-01
3.721843007951974869e-03 9.962781071662902832e-01
7.249034196138381958e-02 9.275096654891967773e-01
8.719487232156097889e-04 9.991280436515808105e-01
1.601890027523040771e-01 8.398109674453735352e-01
1.000000000000000000e+00 5.707989103598265501e-08
6.751192808151245117e-01 3.248806893825531006e-01
9.986226558685302734e-01 1.377369160763919353e-03
9.883389472961425781e-01 1.166103687137365341e-02
9.954557418823242188e-01 4.544208757579326630e-03
9.307094216346740723e-01 6.929051131010055542e-02
9.987371563911437988e-01 1.262819976545870304e-03
9.944581985473632812e-01 5.541790742427110672e-03
1.987551897764205933e-01 8.012447357177734375e-01
2.328105568885803223e-01 7.671894431114196777e-01
9.465740323066711426e-01 5.342603102326393127e-02
9.998886585235595703e-01 1.113345570047385991e-04
9.890264868736267090e-01 1.097348891198635101e-02
6.454588472843170166e-02 9.354541301727294922e-01
9.999792575836181641e-01 2.071243216050788760e-05
9.985026121139526367e-01 1.497454592026770115e-03
6.247717142105102539e-02 9.375227689743041992e-01
9.926487803459167480e-01 7.351189851760864258e-03
4.872037388850003481e-04 9.995127916336059570e-01
1.301588956266641617e-02 9.869841337203979492e-01
7.083337903022766113e-01 2.916662395000457764e-01
9.999992847442626953e-01 6.609470801777206361e-07
1.281314063817262650e-02 9.871867895126342773e-01
9.793125391006469727e-01 2.068744413554668427e-02
1.698763482272624969e-02 9.830123782157897949e-01
8.171452283859252930e-01 1.828547418117523193e-01
4.979748278856277466e-03 9.950202703475952148e-01
9.975832700729370117e-01 2.416749950498342514e-03
9.853009581565856934e-01 1.469906885176897049e-02
9.821948409080505371e-01 1.780519075691699982e-02
1.086535630747675896e-04 9.998912811279296875e-01
1.027934718877077103e-03 9.989720582962036133e-01
8.542478084564208984e-02 9.145751595497131348e-01
8.630242198705673218e-03 9.913697242736816406e-01
1.212163042509928346e-04 9.998787641525268555e-01
1.000000000000000000e+00 3.606522858135008391e-10
5.610154476016759872e-04 9.994389414787292480e-01
9.996633529663085938e-01 3.366342862136662006e-04
9.999904632568359375e-01 9.575534932082518935e-06
5.725642442703247070e-01 4.274356961250305176e-01
7.394973039627075195e-01 2.605027258396148682e-01
2.890975475311279297e-01 7.109024524688720703e-01
9.880728125572204590e-01 1.192713063210248947e-02
2.813309803605079651e-02 9.718669056892395020e-01
9.433358311653137207e-01 5.666421726346015930e-02
7.580561190843582153e-02 9.241943359375000000e-01
2.724334001541137695e-01 7.275665998458862305e-01
7.963939905166625977e-01 2.036060392856597900e-01
9.282546043395996094e-01 7.174541056156158447e-02
9.903559684753417969e-01 9.644104167819023132e-03
1.632766652619466186e-04 9.998366832733154297e-01
9.566368460655212402e-01 4.336316138505935669e-02
9.999539852142333984e-01 4.596185317495837808e-05
