9.980898499488830566e-01 1.141513712354935706e-05 5.859314114786684513e-04 1.312664942815899849e-03
1.088140234351158142e-01 1.852811127901077271e-01 5.598031878471374512e-01 1.461016684770584106e-01
7.740824222564697266e-01 2.198632657527923584e-01 6.038704421371221542e-03 1.566348146297968924e-05
5.919694304466247559e-01 9.090078622102737427e-02 2.578605413436889648e-01 5.926921963691711426e-02
0.000000000000000000e+00 9.796685576438903809e-01 2.033105492591857910e-02 3.633041103512368863e-07
6.494714021682739258e-01 1.445576101541519165e-01 1.858059912919998169e-01 2.016505226492881775e-02
0.000000000000000000e+00 9.688757061958312988e-01 3.112396970391273499e-02 3.515858111313718837e-07
5.545011162757873535e-01 5.421204492449760437e-02 2.780992388725280762e-01 1.131875813007354736e-01
0.000000000000000000e+00 2.802744694054126740e-02 9.682840704917907715e-01 3.688544966280460358e-03
9.993756413459777832e-01 3.420428838580846786e-04 2.707774401642382145e-04 1.157793758466141298e-05
9.926492571830749512e-01 4.743622150272130966e-03 2.533084480091929436e-03 7.408135570585727692e-05
9.989277720451354980e-01 1.747469650581479073e-05 4.804817726835608482e-04 5.742576904594898224e-04
0.000000000000000000e+00 9.889954328536987305e-01 1.100453175604343414e-02 3.969392992075881921e-08
9.823619723320007324e-01 4.445148166269063950e-03 1.176105625927448273e-02 1.431872602552175522e-03
0.000000000000000000e+00 2.038657257799059153e-04 1.397575438022613525e-01 8.600385785102844238e-01
8.052479624748229980e-01 5.854912847280502319e-02 1.245481595396995544e-01 1.165471598505973816e-02
0.000000000000000000e+00 1.060006252373568714e-04 1.356326788663864136e-01 8.642613291740417480e-01
9.979403614997863770e-01 7.810455281287431717e-05 1.158732688054442406e-03 8.227289654314517975e-04
0.000000000000000000e+00 9.626061320304870605e-01 3.739340975880622864e-02 4.564063544876262313e-07
6.757553815841674805e-01 1.723861545324325562e-01 1.422269493341445923e-01 9.631450287997722626e-03
9.929698109626770020e-01 5.154205951839685440e-03 1.840300392359495163e-03 3.567875683074817061e-05
0.000000000000000000e+00 9.567295908927917480e-01 4.326973110437393188e-02 6.318152259154885542e-07
0.000000000000000000e+00 3.175078018102794886e-05 8.327230811119079590e-02 9.166958928108215332e-01
7.663628458976745605e-01 2.142171263694763184e-01 1.926431991159915924e-02 1.557083014631643891e-04
8.534219861030578613e-01 6.728905253112316132e-03 8.881912380456924438e-02 5.103000253438949585e-02
0.000000000000000000e+00 2.915546111762523651e-02 8.944001793861389160e-01 7.644437253475189209e-02
6.323201060295104980e-01 1.321451738476753235e-03 9.568727016448974609e-02 2.706710994243621826e-01
0.000000000000000000e+00 9.154367446899414062e-01 8.455621451139450073e-02 7.081049261614680290e-06
6.996040940284729004e-01 1.927447915077209473e-01 1.026865020394325256e-01 4.964561201632022858e-03
8.269959688186645508e-01 5.495734512805938721e-02 1.071255579590797424e-01 1.092110481113195419e-02
0.000000000000000000e+00 9.797282814979553223e-01 2.027161419391632080e-02 1.418681563336576801e-07
0.000000000000000000e+00 1.717748641967773438e-01 8.185496330261230469e-01 9.675521403551101685e-03
0.000000000000000000e+00 2.934714430011808872e-04 1.443434953689575195e-01 8.553630709648132324e-01
9.986317753791809082e-01 1.970763842109590769e-04 9.319280507043004036e-04 2.393334289081394672e-04
0.000000000000000000e+00 9.724755287170410156e-01 2.752446383237838745e-02 1.216998168906968658e-09
0.000000000000000000e+00 9.632312059402465820e-01 3.676879033446311951e-02 2.636870277683556196e-09
7.157303094863891602e-01 3.010678337886929512e-03 1.158121824264526367e-01 1.654468476772308350e-01
9.376157522201538086e-01 1.399931381456553936e-03 2.993650548160076141e-02 3.104781731963157654e-02
9.976149797439575195e-01 7.969031139509752393e-05 1.315612113103270531e-03 9.896442061290144920e-04
0.000000000000000000e+00 1.871352083981037140e-02 8.827699422836303711e-01 9.851650148630142212e-02
9.977740645408630371e-01 1.806768821552395821e-03 4.133246839046478271e-04 5.858345502929296345e-06
0.000000000000000000e+00 9.722938537597656250e-01 2.770570851862430573e-02 4.301712692722503562e-07
9.918449521064758301e-01 2.461586555000394583e-04 4.406635649502277374e-03 3.502330509945750237e-03
9.954973459243774414e-01 1.566603023093193769e-04 2.446361118927598000e-03 1.899688853882253170e-03
0.000000000000000000e+00 6.723131984472274780e-02 8.459503650665283203e-01 8.681825548410415649e-02
9.944934844970703125e-01 4.637544043362140656e-03 8.569222991354763508e-04 1.211491144204046577e-05
0.000000000000000000e+00 2.266159390273969620e-05 1.359517425298690796e-01 8.640255331993103027e-01
0.000000000000000000e+00 3.326820733491331339e-04 2.338871359825134277e-01 7.657802700996398926e-01
6.733210086822509766e-01 1.613051742315292358e-01 1.526158750057220459e-01 1.275792345404624939e-02
7.538337111473083496e-01 2.139863818883895874e-01 3.175518661737442017e-02 4.247607430443167686e-04
0.000000000000000000e+00 9.105882980975366081e-08 1.452535986900329590e-01 8.547463417053222656e-01
9.373912215232849121e-01 5.342162400484085083e-02 9.050866588950157166e-03 1.363000192213803530e-04
5.721897482872009277e-01 7.665577530860900879e-02 2.827765941619873047e-01 6.837791204452514648e-02
7.413550019264221191e-01 2.186201512813568115e-01 3.938468918204307556e-02 6.401743157766759396e-04
0.000000000000000000e+00 7.958447337150573730e-01 2.031069099903106689e-01 1.048355130478739738e-03
1.312887353060521327e-30 7.504729628562927246e-01 2.454447597265243530e-01 4.082344472408294678e-03
5.950639247894287109e-01 9.395430982112884521e-02 2.552754878997802734e-01 5.570630356669425964e-02
0.000000000000000000e+00 9.997313618659973145e-01 2.686828374862670898e-04 1.315061205547571332e-13
0.000000000000000000e+00 2.392054193478543311e-05 9.198660403490066528e-02 9.079895019531250000e-01
9.624644517898559570e-01 1.040989346802234650e-02 2.444348670542240143e-02 2.682147780433297157e-03
9.992203712463378906e-01 2.299605148436967283e-05 4.035880847368389368e-04 3.530199755914509296e-04
5.854743123054504395e-01 8.497547358274459839e-02 2.635800540447235107e-01 6.597012281417846680e-02
7.694563865661621094e-01 2.138986289501190186e-01 1.652789302170276642e-02 1.171373369288630784e-04
8.822656273841857910e-01 2.135533839464187622e-03 5.460669100284576416e-02 6.099212542176246643e-02
0.000000000000000000e+00 3.414999127926421352e-08 1.772972494363784790e-01 8.227026462554931641e-01
0.000000000000000000e+00 9.964864253997802734e-01 3.513586474582552910e-03 4.045728640988954794e-09
9.742900133132934570e-01 2.311717905104160309e-02 2.567460527643561363e-03 2.528254663047846407e-05
6.946548223495483398e-01 1.917719542980194092e-01 1.083000898361206055e-01 5.273159127682447433e-03
9.906790852546691895e-01 3.580546472221612930e-03 5.342737771570682526e-03 3.976558509748429060e-04
9.991524219512939453e-01 4.864376387558877468e-04 3.466953930910676718e-04 1.436366983398329467e-05
7.054114341735839844e-01 1.742179156281054020e-03 9.611523151397705078e-02 1.967311352491378784e-01
0.000000000000000000e+00 1.613983325660228729e-02 8.321773409843444824e-01 1.516827642917633057e-01
8.790599703788757324e-01 2.035440178588032722e-03 5.475667864084243774e-02 6.414782255887985229e-02
9.998366832733154297e-01 1.521344238426536322e-04 1.111102119466522709e-05 6.688432563350943383e-08
9.958232641220092773e-01 7.840299804229289293e-05 1.918505644425749779e-03 2.179942326620221138e-03
0.000000000000000000e+00 6.644885615969542414e-06 5.246609076857566833e-02 9.475272893905639648e-01
