9.507322311401367188e-01 1.939461944857612252e-04 1.313177682459354401e-02 3.594202175736427307e-02
1.045653149485588074e-01 1.855324804782867432e-01 5.625991225242614746e-01 1.473031044006347656e-01
7.855786681175231934e-01 1.897687315940856934e-01 2.436919882893562317e-02 2.834259066730737686e-04
6.668446660041809082e-01 1.663855165243148804e-01 1.545188128948211670e-01 1.225090492516756058e-02
0.000000000000000000e+00 9.702035784721374512e-01 2.979405038058757782e-02 2.447729229970718734e-06
6.731622815132141113e-01 1.600054055452346802e-01 1.540975421667098999e-01 1.273474842309951782e-02
0.000000000000000000e+00 8.683992028236389160e-01 1.315693557262420654e-01 3.148202813463285565e-05
6.768755316734313965e-01 1.754157990217208862e-01 1.382528394460678101e-01 9.455821476876735687e-03
0.000000000000000000e+00 1.728379353880882263e-02 9.293428063392639160e-01 5.337344482541084290e-02
9.998437166213989258e-01 1.048989870469085872e-04 5.010045060771517456e-05 1.356062739432672970e-06
9.996957778930664062e-01 2.198318688897415996e-04 8.255960710812360048e-05 1.813740027500898577e-06
9.945093989372253418e-01 6.183853110997006297e-05 2.225436735898256302e-03 3.203397616744041443e-03
0.000000000000000000e+00 9.772556424140930176e-01 2.274350821971893311e-02 7.699970865360228345e-07
9.999966621398925781e-01 7.292522923307842575e-07 2.215432459706789814e-06 3.301842639302776661e-07
0.000000000000000000e+00 4.477394395507872105e-05 1.335434913635253906e-01 8.664117455482482910e-01
8.823140859603881836e-01 4.913596436381340027e-02 6.476029008626937866e-02 3.789584850892424583e-03
0.000000000000000000e+00 5.872026667930185795e-05 2.356328070163726807e-01 7.643084526062011719e-01
8.145731091499328613e-01 1.694203820079565048e-03 6.888652592897415161e-02 1.148461550474166870e-01
0.000000000000000000e+00 8.270918726921081543e-01 1.728457063436508179e-01 6.237997149582952261e-05
6.726442575454711914e-01 1.649084985256195068e-01 1.508966386318206787e-01 1.155054941773414612e-02
9.996218681335449219e-01 3.291359462309628725e-04 4.850113691645674407e-05 4.233661456964910030e-07
0.000000000000000000e+00 7.521201968193054199e-01 2.478389441967010498e-01 4.078285564901307225e-05
0.000000000000000000e+00 1.186070367111824453e-04 1.859662830829620361e-01 8.139151334762573242e-01
7.700303792953491211e-01 1.860411316156387329e-01 4.304106160998344421e-02 8.873841143213212490e-04
9.940720200538635254e-01 3.188653499819338322e-04 3.604421159252524376e-03 2.004706067964434624e-03
0.000000000000000000e+00 1.670681536197662354e-01 7.691763043403625488e-01 6.375556439161300659e-02
9.842771291732788086e-01 5.378882051445543766e-04 8.664447814226150513e-03 6.520556751638650894e-03
0.000000000000000000e+00 8.868542313575744629e-01 1.131186708807945251e-01 2.705753286136314273e-05
6.733503341674804688e-01 1.664862632751464844e-01 1.483204960823059082e-01 1.184288784861564636e-02
9.988760352134704590e-01 3.027546335943043232e-04 7.293307571671903133e-04 9.176766616292297840e-05
0.000000000000000000e+00 9.885603785514831543e-01 1.143889408558607101e-02 7.618201038894767407e-07
0.000000000000000000e+00 8.864928781986236572e-02 7.958260178565979004e-01 1.155247390270233154e-01
4.484155085839414627e-44 6.452439120039343834e-04 1.886482238769531250e-01 8.107065558433532715e-01
9.963905215263366699e-01 4.636273661162704229e-04 2.465391764417290688e-03 6.805204320698976517e-04
0.000000000000000000e+00 9.905158281326293945e-01 9.484225884079933167e-03 3.222450306594737413e-09
0.000000000000000000e+00 9.915243387222290039e-01 8.475644513964653015e-03 1.470086274935056281e-08
9.235251545906066895e-01 1.102319452911615372e-03 3.358860686421394348e-02 4.178388416767120361e-02
9.917339086532592773e-01 2.557926054578274488e-04 4.327683243900537491e-03 3.682523267343640327e-03
9.749900698661804199e-01 9.537946316413581371e-04 1.402094960212707520e-02 1.003526337444782257e-02
0.000000000000000000e+00 8.053798228502273560e-02 7.789239883422851562e-01 1.405380666255950928e-01
9.832162261009216309e-01 1.512620598077774048e-02 1.645541866309940815e-03 1.202649855258641765e-05
0.000000000000000000e+00 8.293233513832092285e-01 1.705072373151779175e-01 1.694191159913316369e-04
9.955965876579284668e-01 1.434304285794496536e-04 2.387818880379199982e-03 1.872111577540636063e-03
9.974942207336425781e-01 1.046031029545702040e-04 1.431616023182868958e-03 9.695583139546215534e-04
0.000000000000000000e+00 1.496153324842453003e-01 7.486323118209838867e-01 1.017523333430290222e-01
8.650484085083007812e-01 1.301312893629074097e-01 4.805450793355703354e-03 1.487611007178202271e-05
0.000000000000000000e+00 2.559640144284003327e-08 9.665282070636749268e-02 9.033471345901489258e-01
0.000000000000000000e+00 1.644802396185696125e-04 1.499446332454681396e-01 8.498908281326293945e-01
6.668840646743774414e-01 1.612941771745681763e-01 1.581157147884368896e-01 1.370609458535909653e-02
6.891766786575317383e-01 1.854074448347091675e-01 1.187637075781822205e-01 6.652170792222023010e-03
0.000000000000000000e+00 1.771479296586164764e-09 1.121746599674224854e-01 8.878253698348999023e-01
7.210335731506347656e-01 2.089509814977645874e-01 6.818065792322158813e-02 1.834649709053337574e-03
9.742978215217590332e-01 8.855795022100210190e-04 1.363273430615663528e-02 1.118392124772071838e-02
7.395917177200317383e-01 2.072872668504714966e-01 5.192695558071136475e-02 1.194030279293656349e-03
0.000000000000000000e+00 8.236043453216552734e-01 1.749698370695114136e-01 1.425831113010644913e-03
3.904918666973993267e-18 8.337312936782836914e-01 1.644069254398345947e-01 1.861814409494400024e-03
6.816475391387939453e-01 1.757237464189529419e-01 1.339199692010879517e-01 8.708735927939414978e-03
0.000000000000000000e+00 7.776757478713989258e-01 2.223234772682189941e-01 7.879908139329927508e-07
0.000000000000000000e+00 4.588973752106539905e-05 9.289288520812988281e-02 9.070611596107482910e-01
6.704698204994201660e-01 1.396692246198654175e-01 1.790258586406707764e-01 1.083502732217311859e-02
9.933575987815856934e-01 9.214325837092474103e-05 2.684085397049784660e-03 3.866213141009211540e-03
6.718258857727050781e-01 1.663794666528701782e-01 1.501909792423248291e-01 1.160365436226129532e-02
7.577650547027587891e-01 2.066044658422470093e-01 3.508820384740829468e-02 5.422708345577120781e-04
9.962139725685119629e-01 1.994291669689118862e-04 2.257210435345768929e-03 1.329370541498064995e-03
0.000000000000000000e+00 3.935562542523030061e-09 5.458839982748031616e-02 9.454116225242614746e-01
0.000000000000000000e+00 9.282802939414978027e-01 7.162420451641082764e-02 9.546446381136775017e-05
8.667276501655578613e-01 1.171926707029342651e-01 1.589858531951904297e-02 1.810870599001646042e-04
6.986202597618103027e-01 1.692062020301818848e-01 1.242928728461265564e-01 7.880729623138904572e-03
9.881951808929443359e-01 4.761526361107826233e-03 6.592366844415664673e-03 4.508984857238829136e-04
9.989357590675354004e-01 6.527466466650366783e-04 3.977244778070598841e-04 1.380876528855878860e-05
9.607671499252319336e-01 4.733966197818517685e-04 1.538881100714206696e-02 2.337062172591686249e-02
0.000000000000000000e+00 6.879571080207824707e-02 7.788814306259155273e-01 1.523229032754898071e-01
9.976803064346313477e-01 2.732118991843890399e-05 9.128149831667542458e-04 1.379454159177839756e-03
9.433108568191528320e-01 5.421305447816848755e-02 2.466621343046426773e-03 9.467801646678708494e-06
9.903501272201538086e-01 1.763985201250761747e-04 4.432962741702795029e-03 5.040540359914302826e-03
0.000000000000000000e+00 8.015875937417149544e-05 1.069241315126419067e-01 8.929957151412963867e-01
