3.737023770809173584e-01
3.737023770809173584e-01
4.410474002361297607e-02
3.737023770809173584e-01
3.719515204429626465e-01
3.737023770809173584e-01
3.737023770809173584e-01
3.737023770809173584e-01
2.391251921653747559e-02
3.387368321418762207e-01
3.737023770809173584e-01
3.737023770809173584e-01
3.737023770809173584e-01
3.737023770809173584e-01
3.737023770809173584e-01
3.737023770809173584e-01
3.737023770809173584e-01
3.970280289649963379e-02
3.737023770809173584e-01
3.737023770809173584e-01
3.737023770809173584e-01
3.737023770809173584e-01
3.737023770809173584e-01
3.737023770809173584e-01
3.737023770809173584e-01
3.737023770809173584e-01
3.737023770809173584e-01
3.737023770809173584e-01
3.915197774767875671e-02
3.737023770809173584e-01
3.737023770809173584e-01
3.467333614826202393e-01
3.737023770809173584e-01
8.450274914503097534e-02
3.737023770809173584e-01
3.737023770809173584e-01
3.089583814144134521e-01
3.398444056510925293e-01
3.737023770809173584e-01
3.737023770809173584e-01
3.737023770809173584e-01
3.737023770809173584e-01
3.737023770809173584e-01
6.614068150520324707e-02
3.737023770809173584e-01
3.737023770809173584e-01
3.737023770809173584e-01
3.737023770809173584e-01
3.737023770809173584e-01
3.737023770809173584e-01
3.737023770809173584e-01
3.770021349191665649e-02
3.737023770809173584e-01
3.737023770809173584e-01
3.737023770809173584e-01
3.737023770809173584e-01
1.371324341744184494e-02
6.482341885566711426e-01
3.740061521530151367e-01
3.746868669986724854e-01
3.737023770809173584e-01
3.737023770809173584e-01
3.371902406215667725e-01
3.737023770809173584e-01
3.737023770809173584e-01
5.271810665726661682e-02
6.482341885566711426e-01
3.737023770809173584e-01
3.737023770809173584e-01
3.737023770809173584e-01
6.482341885566711426e-01
1.838605478405952454e-02
3.737023770809173584e-01
2.039441466331481934e-01
6.482341885566711426e-01
3.737023770809173584e-01
7.208327203989028931e-02
3.737023770809173584e-01
3.299054801464080811e-01
3.737023770809173584e-01
3.737023770809173584e-01
3.737023770809173584e-01
3.737023770809173584e-01
3.737023770809173584e-01
6.482341885566711426e-01
3.997395038604736328e-01
3.737023770809173584e-01
3.157576322555541992e-01
3.737023770809173584e-01
2.545616216957569122e-02
3.737023770809173584e-01
2.040674723684787750e-02
3.737023770809173584e-01
3.773740828037261963e-01
9.618631005287170410e-02
3.497239649295806885e-01
1.528116408735513687e-02
3.737023770809173584e-01
3.737023770809173584e-01
3.737023770809173584e-01
3.737023770809173584e-01
3.386059403419494629e-01
2.913736701011657715e-01
3.723334968090057373e-01
3.737023770809173584e-01
3.394364416599273682e-01
6.518027186393737793e-02
3.737023770809173584e-01
4.150910675525665283e-02
4.444960504770278931e-02
3.737023770809173584e-01
3.741683065891265869e-01
3.383333086967468262e-01
1.669804453849792480e-01
3.737023770809173584e-01
3.627721369266510010e-01
4.563943669199943542e-02
3.737023770809173584e-01
3.401362895965576172e-01
3.737023770809173584e-01
9.978873282670974731e-02
3.737023770809173584e-01
3.737023770809173584e-01
3.737023770809173584e-01
3.737023770809173584e-01
3.737023770809173584e-01
3.737023770809173584e-01
2.514243870973587036e-02
3.737023770809173584e-01
3.737023770809173584e-01
3.173134028911590576e-01
3.421872258186340332e-01
3.737023770809173584e-01
3.737023770809173584e-01
3.737023770809173584e-01
3.811843320727348328e-02
3.737023770809173584e-01
3.737023770809173584e-01
3.737023770809173584e-01
6.331878900527954102e-02
4.455724358558654785e-02
6.482341885566711426e-01
3.737023770809173584e-01
3.735665977001190186e-01
3.737023770809173584e-01
1.085173562169075012e-01
3.737023770809173584e-01
5.744578316807746887e-02
3.737023770809173584e-01
3.737023770809173584e-01
3.737023770809173584e-01
3.119388967752456665e-02
3.738004863262176514e-01
6.482341885566711426e-01
3.737023770809173584e-01
6.963296234607696533e-02
3.737023770809173584e-01
3.737023770809173584e-01
3.737023770809173584e-01
3.737023770809173584e-01
3.737023770809173584e-01
8.922406286001205444e-02
5.807854235172271729e-02
3.737023770809173584e-01
3.737023770809173584e-01
3.737023770809173584e-01
3.737023770809173584e-01
3.300821781158447266e-01
3.737023770809173584e-01
4.024905711412429810e-02
3.739427924156188965e-01
3.737023770809173584e-01
3.650207519531250000e-01
3.737023770809173584e-01
3.737023770809173584e-01
3.737023770809173584e-01
