9.103477001190185547e-01 8.965234458446502686e-02
7.961998581886291504e-01 2.038001418113708496e-01
9.494665265083312988e-01 5.053352192044258118e-02
7.530637979507446289e-01 2.469361722469329834e-01
9.280399680137634277e-01 7.196008414030075073e-02
8.992559313774108887e-01 1.007440611720085144e-01
8.063097000122070312e-01 1.936903595924377441e-01
9.498889446258544922e-01 5.011103302240371704e-02
7.675222158432006836e-01 2.324777990579605103e-01
9.610836505889892578e-01 3.891631588339805603e-02
9.670785665512084961e-01 3.292141109704971313e-02
7.700327038764953613e-01 2.299672514200210571e-01
8.476299643516540527e-01 1.523700654506683350e-01
7.819390296936035156e-01 2.180610001087188721e-01
8.128945827484130859e-01 1.871054023504257202e-01
9.242716431617736816e-01 7.572834938764572144e-02
9.202866554260253906e-01 7.971335202455520630e-02
8.956734538078308105e-01 1.043265387415885925e-01
9.674696326255798340e-01 3.253035619854927063e-02
9.662599563598632812e-01 3.374006971716880798e-02
9.610763788223266602e-01 3.892359510064125061e-02
8.952172398567199707e-01 1.047827899456024170e-01
8.408187031745910645e-01 1.591812372207641602e-01
9.122642278671264648e-01 8.773573487997055054e-02
9.597782492637634277e-01 4.022168368101119995e-02
9.008306264877319336e-01 9.916936606168746948e-02
8.806331157684326172e-01 1.193669140338897705e-01
9.291700720787048340e-01 7.082987576723098755e-02
9.317748546600341797e-01 6.822508573532104492e-02
9.550479054450988770e-01 4.495206102728843689e-02
9.101478457450866699e-01 8.985213935375213623e-02
8.926317095756530762e-01 1.073682680726051331e-01
9.314525723457336426e-01 6.854745000600814819e-02
9.557828903198242188e-01 4.421716928482055664e-02
8.960152864456176758e-01 1.039847508072853088e-01
9.435737133026123047e-01 5.642624944448471069e-02
9.675474166870117188e-01 3.245254978537559509e-02
9.425342679023742676e-01 5.746574327349662781e-02
9.291515946388244629e-01 7.084839791059494019e-02
9.127167463302612305e-01 8.728323876857757568e-02
9.125889539718627930e-01 8.741106092929840088e-02
7.856705784797668457e-01 2.143293619155883789e-01
7.648988366127014160e-01 2.351011633872985840e-01
7.702690958976745605e-01 2.297309190034866333e-01
9.064205884933471680e-01 9.357938915491104126e-02
9.487122893333435059e-01 5.128772929310798645e-02
8.576361536979675293e-01 1.423638612031936646e-01
9.190275669097900391e-01 8.097244799137115479e-02
7.737917900085449219e-01 2.262082248926162720e-01
7.540830373764038086e-01 2.459170371294021606e-01
9.226201176643371582e-01 7.737987488508224487e-02
8.823972344398498535e-01 1.176028102636337280e-01
9.342713952064514160e-01 6.572858989238739014e-02
9.093523621559143066e-01 9.064768254756927490e-02
7.542263269424438477e-01 2.457736432552337646e-01
9.676502943038940430e-01 3.234969079494476318e-02
9.671322107315063477e-01 3.286779299378395081e-02
7.672022581100463867e-01 2.327977716922760010e-01
8.546672463417053223e-01 1.453327536582946777e-01
7.516092061996459961e-01 2.483908534049987793e-01
9.446593523025512695e-01 5.534065887331962585e-02
9.587239027023315430e-01 4.127610102295875549e-02
8.954864144325256348e-01 1.045135557651519775e-01
7.810611128807067871e-01 2.189388722181320190e-01
9.039980173110961914e-01 9.600198268890380859e-02
9.299445152282714844e-01 7.005551457405090332e-02
9.677740335464477539e-01 3.222599253058433533e-02
9.130947589874267578e-01 8.690518885850906372e-02
8.689094185829162598e-01 1.310905218124389648e-01
9.760708808898925781e-01 2.392915822565555573e-02
8.187824487686157227e-01 1.812175214290618896e-01
7.926036715507507324e-01 2.073963284492492676e-01
7.582440376281738281e-01 2.417559474706649780e-01
9.800245165824890137e-01 1.997546106576919556e-02
8.791471719741821289e-01 1.208527684211730957e-01
8.050337433815002441e-01 1.949661970138549805e-01
8.298033475875854492e-01 1.701967269182205200e-01
9.653743505477905273e-01 3.462562710046768188e-02
9.383813142776489258e-01 6.161865592002868652e-02
7.753251791000366211e-01 2.246748358011245728e-01
8.543899059295654297e-01 1.456100642681121826e-01
8.862774372100830078e-01 1.137225329875946045e-01
8.401371240615844727e-01 1.598628163337707520e-01
9.627394676208496094e-01 3.726054728031158447e-02
7.559709548950195312e-01 2.440290749073028564e-01
9.575192928314208984e-01 4.248074814677238464e-02
8.722133040428161621e-01 1.277867108583450317e-01
9.238665103912353516e-01 7.613351941108703613e-02
8.352845907211303711e-01 1.647153645753860474e-01
9.084874391555786133e-01 9.151256084442138672e-02
9.647700190544128418e-01 3.522993624210357666e-02
9.270972013473510742e-01 7.290282100439071655e-02
7.518593072891235352e-01 2.481406480073928833e-01
8.392926454544067383e-01 1.607073843479156494e-01
8.520610928535461426e-01 1.479389071464538574e-01
7.581009268760681152e-01 2.418990880250930786e-01
8.648414015769958496e-01 1.351585686206817627e-01
8.924295902252197266e-01 1.075704321265220642e-01
7.910494804382324219e-01 2.089505791664123535e-01
7.587186694145202637e-01 2.412813752889633179e-01
8.999974727630615234e-01 1.000025272369384766e-01
9.062727093696594238e-01 9.372732788324356079e-02
9.756971597671508789e-01 2.430281229317188263e-02
8.986574411392211914e-01 1.013425067067146301e-01
9.096010923385620117e-01 9.039890021085739136e-02
8.571603894233703613e-01 1.428395509719848633e-01
8.984525799751281738e-01 1.015474572777748108e-01
8.007163405418395996e-01 1.992836445569992065e-01
9.007142782211303711e-01 9.928572177886962891e-02
9.578682780265808105e-01 4.213169589638710022e-02
9.380510449409484863e-01 6.194892898201942444e-02
9.096623659133911133e-01 9.033759683370590210e-02
8.520793914794921875e-01 1.479206234216690063e-01
9.670016765594482422e-01 3.299836441874504089e-02
8.282617926597595215e-01 1.717382520437240601e-01
9.046512246131896973e-01 9.534885734319686890e-02
9.427058100700378418e-01 5.729426071047782898e-02
9.246770143508911133e-01 7.532300055027008057e-02
9.455022215843200684e-01 5.449781194329261780e-02
9.224919676780700684e-01 7.750803977251052856e-02
7.588682174682617188e-01 2.411318272352218628e-01
9.395267963409423828e-01 6.047322973608970642e-02
8.100237846374511719e-01 1.899762451648712158e-01
8.069297671318054199e-01 1.930702626705169678e-01
8.345882892608642578e-01 1.654116660356521606e-01
8.782501220703125000e-01 1.217499077320098877e-01
8.828168511390686035e-01 1.171831041574478149e-01
8.042172789573669434e-01 1.957827061414718628e-01
7.930977940559387207e-01 2.069022655487060547e-01
