8.272608829429373145e-05
7.860935875214636326e-04
3.399992710910737514e-04
4.187259357422590256e-03
6.089615567361761350e-07
2.893101423978805542e-03
1.463951193727552891e-04
4.903076114715076983e-05
3.145742928609251976e-03
2.790073631331324577e-04
5.601995508186519146e-04
3.307850274723023176e-04
6.756577164424015791e-08
7.610243279486894608e-03
1.631543564144521952e-04
4.355639612185768783e-05
2.748167898971587420e-04
5.796727491542696953e-04
2.784731914289295673e-04
3.473691269755363464e-02
5.314861191436648369e-04
1.143263088365653601e-11
2.133713860530406237e-04
7.200132124125957489e-03
9.711227022535240394e-08
8.232801107510567817e-10
4.804070030672846769e-08
3.887387225404381752e-03
6.673467822793099913e-08
1.931624865392223001e-05
1.934763986355392262e-06
3.277333071594057401e-09
8.830494334688410163e-05
1.208390342071652412e-03
1.144243360613472760e-04
4.590599473885959014e-06
4.337641876190900803e-04
8.602941306889988482e-06
4.779042210429906845e-04
1.032008975744247437e-02
1.235622164585947758e-07
6.914723664522171021e-03
3.116606306363678414e-09
2.675945288501679897e-04
3.840670397039502859e-04
6.581816123798489571e-04
3.206194192171096802e-02
2.531779500714037567e-05
2.937259523605462164e-05
1.610454525291515893e-08
2.179274451918900013e-04
1.357585830419338890e-07
2.161798300221562386e-03
1.470038171191845322e-07
4.997406722395680845e-05
4.033352306578308344e-04
1.390847261063754559e-03
6.701408437947975472e-06
4.380257159937173128e-04
1.571112989040557295e-06
4.375906195491552353e-03
1.520298537798225880e-03
4.403312341310083866e-04
3.045019693672657013e-03
3.150800941511988640e-03
8.315206650877371430e-05
1.359763018626836129e-06
1.625726930797100067e-03
1.866658590734004974e-02
4.980884259566664696e-04
4.087187699042260647e-04
7.455669692717492580e-04
7.013083668425679207e-04
5.547177352127619088e-06
2.357751800445839763e-04
3.346792072989046574e-05
1.059075875673443079e-04
1.106112831621430814e-04
4.949148278683423996e-03
4.628450067656331157e-09
2.716281244374840753e-07
3.572926743800053373e-06
2.514439111109822989e-04
1.342033967375755310e-03
3.897923477325093700e-07
3.341039337101392448e-05
1.654792693443596363e-03
1.617503003217279911e-03
2.099332414218224585e-05
6.817015929527769913e-08
2.532759957318830857e-08
1.841996777329768520e-06
1.097187691811996046e-06
3.362346324138343334e-04
1.186686599680131238e-12
1.936275657499209046e-04
3.604151075705885887e-03
2.231460995972156525e-03
1.420815038954970078e-07
1.780157326720654964e-03
5.895466892980039120e-04
4.022780922241508961e-04
1.496672630310058594e-03
5.367581266909837723e-03
1.314816181547939777e-04
2.796921180561184883e-04
1.546230982057750225e-03
4.450782498111038876e-08
9.598031174391508102e-04
3.286457853391766548e-03
1.326610217802226543e-03
7.163960981415584683e-05
4.588056526699801907e-06
3.479235572740435600e-03
1.640423241688893086e-09
2.368378452956676483e-03
6.725802813889458776e-05
6.345128440443659201e-07
2.041686684606247582e-06
3.505646964185871184e-05
5.946229748587938957e-07
7.912057917565107346e-04
3.347968449816107750e-04
2.929306720034219325e-05
1.361601425742264837e-05
9.292516624554991722e-04
7.638450246304273605e-03
6.365371518768370152e-05
2.470129584253299981e-05
7.316558367165271193e-06
7.828493107808753848e-05
5.278453230062041257e-08
1.167369347854219086e-07
4.298764179111458361e-05
3.658779314719140530e-05
9.555911674397066236e-06
1.724447793094441295e-05
2.224105855930247344e-06
9.944968769559636712e-05
1.427839470125036314e-05
2.706360258162021637e-02
6.007717922329902649e-03
2.258397289551794529e-04
5.313498550094664097e-04
2.468991558998823166e-03
1.912302138862287393e-07
2.984014099638443440e-05
5.337260517990216613e-05
1.869491417892277241e-03
3.064292250201106071e-03
2.131509128957986832e-03
5.008629709482192993e-02
1.511391892563551664e-04
4.051726065767979890e-08
1.955519657315107906e-08
9.572506533004343510e-04
2.470909967087209225e-04
1.623909473419189453e-01
2.169064246118068695e-03
8.944063301896676421e-05
8.581281639635562897e-03
1.411054545314982533e-04
3.175341291353106499e-03
7.915127207525074482e-04
1.866991259157657623e-02
4.949821530431108840e-08
1.719634383334778249e-05
5.210662633180618286e-02
3.540300764143466949e-03
2.716167273320024833e-06
1.945213625731412321e-05
9.338555173599161208e-08
6.186987087130546570e-02
6.679271347820758820e-03
2.670811954885721207e-04
7.817133337084669620e-06
7.421714835800230503e-04
3.946346987504512072e-05
2.778096590191125870e-03
2.005224996537435800e-05
6.692616268992424011e-03
1.431913115084171295e-04
1.054946216754615307e-03
1.757279853336513042e-03
1.325619450653903186e-05
4.797094152309000492e-05
3.108723149125580676e-06
4.310502670705318451e-03
2.680762008822057396e-06
1.846253580879420042e-04
5.178728606551885605e-04
