1.430732896551489830e-03
1.405338756740093231e-03
1.339645939879119396e-03
4.216658882796764374e-03
1.596725633135065436e-04
1.440707594156265259e-03
1.358950394205749035e-03
7.136732456274330616e-04
1.046329969540238380e-03
1.139341853559017181e-03
7.919072522781789303e-04
1.829913817346096039e-03
1.498452620580792427e-04
1.701885485090315342e-03
1.037243637256324291e-04
1.607610611245036125e-03
8.189417712856084108e-05
1.775887903932016343e-05
4.824864736292511225e-04
1.267780433408915997e-03
1.062789233401417732e-03
1.092119258828461170e-03
4.861316701862961054e-04
1.882426091469824314e-03
8.726468076929450035e-04
5.587203195318579674e-04
1.707240880932658911e-04
1.233144197613000870e-03
9.561216756992507726e-06
1.030201325193047523e-03
2.461408497765660286e-03
2.603727916721254587e-04
8.485419093631207943e-04
2.735604532063007355e-03
4.625174042303115129e-04
1.228854525834321976e-03
8.407479617744684219e-04
2.839355496689677238e-03
4.169992462266236544e-04
