4.374137613922357559e-03 7.355252504348754883e-01 1.561463475227355957e-01 1.039541959762573242e-01
2.377529442310333252e-02 1.859657093882560730e-02 1.794546395540237427e-01 7.781734466552734375e-01
1.598115632077679038e-04 2.811160124838352203e-02 8.917158246040344238e-01 8.001270145177841187e-02
1.008896306157112122e-01 3.042138740420341492e-02 5.960585549473762512e-02 8.090831637382507324e-01
1.095978659577667713e-03 7.362503409385681152e-01 2.082805335521697998e-01 5.437321215867996216e-02
5.080920644104480743e-03 2.739537321031093597e-02 5.291909575462341309e-01 4.383327662944793701e-01
1.394847757183015347e-03 7.238891720771789551e-01 2.102578580379486084e-01 6.445810943841934204e-02
8.293031901121139526e-02 2.931950427591800690e-02 7.965543866157531738e-02 8.080946803092956543e-01
2.165028308809269220e-05 7.100663334131240845e-02 9.067745208740234375e-01 2.219721116125583649e-02
3.287821891717612743e-05 8.299244940280914307e-02 8.899990916252136230e-01 2.697559632360935211e-02
2.267302079417277128e-05 7.383207976818084717e-02 9.037350416183471680e-01 2.241025865077972412e-02
5.747742252424359322e-04 3.280023857951164246e-02 7.807668447494506836e-01 1.858581751585006714e-01
2.619119361042976379e-03 7.611547112464904785e-01 1.587049216032028198e-01 7.752119004726409912e-02
4.661456681787967682e-03 7.454160451889038086e-01 1.446960717439651489e-01 1.052264496684074402e-01
5.399648565798997879e-03 7.232164144515991211e-01 1.528622806072235107e-01 1.185216829180717468e-01
2.381134072493296117e-05 7.397039234638214111e-02 9.027538299560546875e-01 2.325201593339443207e-02
5.506213288754224777e-03 7.237191200256347656e-01 1.528065502643585205e-01 1.179682165384292603e-01
5.121381254866719246e-04 2.879075519740581512e-02 7.972182035446166992e-01 1.734789609909057617e-01
2.820854540914297104e-03 7.625963687896728516e-01 1.547217220067977905e-01 7.986100763082504272e-02
3.299770876765251160e-03 2.400168590247631073e-02 5.794770121574401855e-01 3.932214677333831787e-01
2.991195651702582836e-05 8.135462552309036255e-02 8.929269909858703613e-01 2.568837627768516541e-02
8.725730003789067268e-04 7.480811476707458496e-01 2.043300718069076538e-01 4.671621695160865784e-02
1.894769375212490559e-03 7.225478291511535645e-01 2.001986056566238403e-01 7.535884529352188110e-02
2.557302825152873993e-03 3.711955994367599487e-02 6.042710542678833008e-01 3.560520410537719727e-01
4.052097210660576820e-04 2.504904568195343018e-02 8.100161552429199219e-01 1.645295768976211548e-01
7.383667980320751667e-04 3.158614411950111389e-02 7.625178098678588867e-01 2.051576524972915649e-01
5.823633167892694473e-03 7.066280841827392578e-01 1.604682505130767822e-01 1.270800828933715820e-01
2.053942065685987473e-03 7.783702015876770020e-01 1.541862934827804565e-01 6.538953632116317749e-02
4.004066344350576401e-03 3.077764064073562622e-02 5.633917450904846191e-01 4.018266201019287109e-01
4.214415792375802994e-03 6.916818022727966309e-01 1.872934550046920776e-01 1.168102845549583435e-01
1.792980241589248180e-03 7.528871893882751465e-01 1.782781630754470825e-01 6.704167276620864868e-02
1.081453501683427021e-05 4.522743076086044312e-02 9.380857944488525391e-01 1.667598821222782135e-02
2.898007398471236229e-03 7.382611036300659180e-01 1.718400567770004272e-01 8.700073510408401489e-02
4.278769716620445251e-03 7.019346952438354492e-01 1.794857233762741089e-01 1.143009215593338013e-01
2.122830366715788841e-03 7.817009687423706055e-01 1.507191509008407593e-01 6.545703858137130737e-02
3.210322000086307526e-03 7.622704505920410156e-01 1.500800848007202148e-01 8.443917334079742432e-02
6.611595163121819496e-04 3.326778486371040344e-02 7.714578509330749512e-01 1.946132928133010864e-01
5.549685447476804256e-04 3.438606485724449158e-02 7.834672331809997559e-01 1.815916746854782104e-01
5.143613670952618122e-04 2.653336152434349060e-02 7.915769219398498535e-01 1.813753247261047363e-01
4.024640657007694244e-04 2.509978972375392914e-02 8.130816221237182617e-01 1.614160984754562378e-01
2.635875171108637005e-05 7.881161570549011230e-02 8.970540165901184082e-01 2.410798706114292145e-02
1.922149560414254665e-03 7.633441686630249023e-01 1.680678278207778931e-01 6.666582077741622925e-02
4.490787687245756388e-04 1.305905822664499283e-02 7.822500467300415039e-01 2.042418271303176880e-01
4.679459088947623968e-04 2.922097779810428619e-02 8.014801144599914551e-01 1.688309758901596069e-01
8.453258778899908066e-04 3.626734018325805664e-02 7.409926652908325195e-01 2.218946814537048340e-01
2.155122056137770414e-04 4.423464089632034302e-02 8.737027645111083984e-01 8.184716850519180298e-02
1.555175636895000935e-03 7.905542850494384766e-01 1.539640128612518311e-01 5.392654612660408020e-02
3.036136738955974579e-03 7.191632986068725586e-01 1.839578002691268921e-01 9.384274482727050781e-02
2.365426858887076378e-03 4.335393011569976807e-02 6.819303631782531738e-01 2.723503112792968750e-01
1.912690815515816212e-03 3.199655562639236450e-02 6.310017704963684082e-01 3.350890278816223145e-01
2.572191879153251648e-03 7.240647673606872559e-01 1.876435875892639160e-01 8.571945875883102417e-02
9.274367039324715734e-05 3.751773014664649963e-02 9.084098339080810547e-01 5.397960543632507324e-02
7.457730825990438461e-04 2.603411115705966949e-02 7.416110038757324219e-01 2.316091209650039673e-01
1.132490069721825421e-04 2.223982103168964386e-02 9.048066139221191406e-01 7.284031808376312256e-02
2.255783416330814362e-03 7.190803885459899902e-01 1.960749030113220215e-01 8.258894085884094238e-02
6.135964766144752502e-03 7.058230638504028320e-01 1.574166417121887207e-01 1.306243240833282471e-01
7.939151674509048462e-02 2.873630635440349579e-02 7.591893523931503296e-02 8.159532546997070312e-01
1.405536895617842674e-03 7.942325472831726074e-01 1.529481112957000732e-01 5.141384899616241455e-02
1.401221728883683681e-03 7.789218425750732422e-01 1.659958660602569580e-01 5.368117615580558777e-02
3.323663622722961009e-05 7.780748605728149414e-02 8.943375349044799805e-01 2.782175689935684204e-02
4.495524917729198933e-04 2.980909496545791626e-02 8.059502840042114258e-01 1.637910455465316772e-01
1.139021260314621031e-04 5.457135662436485291e-02 8.927467465400695801e-01 5.256801471114158630e-02
2.465173602104187012e-04 4.102186113595962524e-02 8.687667250633239746e-01 8.996487408876419067e-02
4.120273224543780088e-04 3.801599144935607910e-02 8.167141079902648926e-01 1.448577642440795898e-01
1.444014837034046650e-03 7.707691192626953125e-01 1.711601167917251587e-01 5.662677809596061707e-02
2.821525791659951210e-03 7.739977836608886719e-01 1.462508440017700195e-01 7.692983001470565796e-02
2.463316377543378621e-05 2.732312493026256561e-02 9.472225904464721680e-01 2.542961761355400085e-02
5.289222463034093380e-04 2.384239993989467621e-02 7.961381673812866211e-01 1.794904917478561401e-01
1.762330430210568011e-05 6.889165192842483521e-02 9.111259579658508301e-01 1.996477693319320679e-02
9.806822163227479905e-06 4.701665788888931274e-02 9.372557997703552246e-01 1.571774855256080627e-02
6.038653082214295864e-04 3.568038716912269592e-02 7.751407623291015625e-01 1.885749846696853638e-01
3.220635117031633854e-04 3.781390562653541565e-02 8.349343538284301758e-01 1.269296556711196899e-01
4.437190073076635599e-04 3.597846999764442444e-02 8.107293844223022461e-01 1.528484672307968140e-01
1.158274426416028291e-05 1.782092638313770294e-02 9.626589417457580566e-01 1.950860023498535156e-02
3.069862024858593941e-03 7.330701947212219238e-01 1.717844605445861816e-01 9.207542985677719116e-02
3.285718383267521858e-03 7.340156435966491699e-01 1.695189476013183594e-01 9.317976981401443481e-02
