4.051019277540035546e-05
7.599638047395274043e-05
2.953931289084721357e-05
3.915081106242723763e-05
3.626660691224969923e-05
1.222686405526474118e-04
8.548284677090123296e-05
3.776995072257705033e-05
3.217315315851010382e-05
1.186462395708076656e-04
4.664414154831320047e-05
2.805569602060131729e-05
2.519584086257964373e-04
8.167081978172063828e-05
3.454291800153441727e-05
8.314200385939329863e-05
6.313183257589116693e-05
1.991316821658983827e-04
8.782048098510131240e-05
4.059438288095407188e-05
6.503926852019503713e-05
5.610102016362361610e-05
3.693344842758961022e-05
6.406727334251627326e-05
1.149289964814670384e-04
7.797469152137637138e-05
4.251379141351208091e-05
5.471597251016646624e-05
4.858986721956171095e-05
5.465094363898970187e-05
4.241874557919800282e-05
8.505401638103649020e-05
