9.402772188186645508e-01 5.972278490662574768e-02
9.105169177055358887e-01 8.948303759098052979e-02
9.429543018341064453e-01 5.704575777053833008e-02
8.053059577941894531e-01 1.946940869092941284e-01
8.133164048194885254e-01 1.866836100816726685e-01
9.537531733512878418e-01 4.624688252806663513e-02
8.069360852241516113e-01 1.930638998746871948e-01
9.072877168655395508e-01 9.271223843097686768e-02
9.554098248481750488e-01 4.459018260240554810e-02
7.504768967628479004e-01 2.495231032371520996e-01
9.598467946052551270e-01 4.015316814184188843e-02
9.113059043884277344e-01 8.869411051273345947e-02
9.614802002906799316e-01 3.851980715990066528e-02
9.410253763198852539e-01 5.897457897663116455e-02
8.768013715744018555e-01 1.231986060738563538e-01
9.518222212791442871e-01 4.817784577608108521e-02
9.601380228996276855e-01 3.986196592450141907e-02
7.505537867546081543e-01 2.494462281465530396e-01
8.069332838058471680e-01 1.930667310953140259e-01
9.713744521141052246e-01 2.862551622092723846e-02
9.045335650444030762e-01 9.546646475791931152e-02
9.560396075248718262e-01 4.396041855216026306e-02
9.391145706176757812e-01 6.088544800877571106e-02
9.119626283645629883e-01 8.803731948137283325e-02
7.868999242782592773e-01 2.131001204252243042e-01
7.512814998626708984e-01 2.487184852361679077e-01
9.291135072708129883e-01 7.088651508092880249e-02
9.537311196327209473e-01 4.626883193850517273e-02
9.494754672050476074e-01 5.052452906966209412e-02
7.331298589706420898e-01 2.668701708316802979e-01
9.566074013710021973e-01 4.339255765080451965e-02
8.084194660186767578e-01 1.915805786848068237e-01
8.098794221878051758e-01 1.901205778121948242e-01
7.510641217231750488e-01 2.489359378814697266e-01
9.425068497657775879e-01 5.749315023422241211e-02
7.508022785186767578e-01 2.491977214813232422e-01
9.493008255958557129e-01 5.069916695356369019e-02
8.068891763687133789e-01 1.931107938289642334e-01
8.132162690162658691e-01 1.867837160825729370e-01
8.182380199432373047e-01 1.817619651556015015e-01
9.082180261611938477e-01 9.178193658590316772e-02
7.330111861228942871e-01 2.669887840747833252e-01
9.608981013298034668e-01 3.910192102193832397e-02
9.631999135017395020e-01 3.680016472935676575e-02
7.739487886428833008e-01 2.260511666536331177e-01
8.050847649574279785e-01 1.949152946472167969e-01
7.329776287078857422e-01 2.670223712921142578e-01
9.560289382934570312e-01 4.397105798125267029e-02
7.764209508895874023e-01 2.235790342092514038e-01
7.508795857429504395e-01 2.491204440593719482e-01
9.401003718376159668e-01 5.989958345890045166e-02
9.547953009605407715e-01 4.520472511649131775e-02
9.498307704925537109e-01 5.016919225454330444e-02
8.141390681266784668e-01 1.858609616756439209e-01
9.532406330108642578e-01 4.675942659378051758e-02
9.010819792747497559e-01 9.891806542873382568e-02
9.524672627449035645e-01 4.753268137574195862e-02
7.512335777282714844e-01 2.487663775682449341e-01
7.511317133903503418e-01 2.488683015108108521e-01
9.443886876106262207e-01 5.561127513647079468e-02
8.987292051315307617e-01 1.012708246707916260e-01
9.334538578987121582e-01 6.654615700244903564e-02
9.507220983505249023e-01 4.927787557244300842e-02
9.280327558517456055e-01 7.196719199419021606e-02
8.056860566139221191e-01 1.943139433860778809e-01
7.964215874671936035e-01 2.035783976316452026e-01
8.049840927124023438e-01 1.950158774852752686e-01
9.108307361602783203e-01 8.916931599378585815e-02
8.066597580909729004e-01 1.933401972055435181e-01
9.564130306243896484e-01 4.358698055148124695e-02
9.500277042388916016e-01 4.997231066226959229e-02
9.431183934211730957e-01 5.688155815005302429e-02
