2.134009450674057007e-02
2.925550937652587891e-02
3.053915314376354218e-02
3.737023770809173584e-01
3.140919283032417297e-02
3.737023770809173584e-01
3.298059403896331787e-01
3.142423927783966064e-01
1.489306613802909851e-02
3.737023770809173584e-01
3.187579661607742310e-02
8.281041868031024933e-03
5.224644765257835388e-02
1.001883596181869507e-01
3.737023770809173584e-01
1.357742305845022202e-02
9.439524263143539429e-02
3.737023770809173584e-01
3.737023770809173584e-01
3.887647762894630432e-02
1.383891794830560684e-02
3.737023770809173584e-01
6.976335495710372925e-02
3.940868750214576721e-02
3.737023770809173584e-01
9.825039654970169067e-03
3.737023770809173584e-01
3.261235356330871582e-01
2.588983811438083649e-02
3.737023770809173584e-01
3.737023770809173584e-01
3.221521377563476562e-01
7.401017006486654282e-03
1.072841659188270569e-01
3.737023770809173584e-01
3.737023770809173584e-01
3.092553317546844482e-01
3.193513453006744385e-01
3.737023770809173584e-01
3.737023770809173584e-01
3.737023770809173584e-01
3.737023770809173584e-01
3.737023770809173584e-01
2.279162704944610596e-01
1.823299005627632141e-02
7.883537560701370239e-02
3.737023770809173584e-01
9.730611741542816162e-02
2.853062190115451813e-02
5.178250744938850403e-02
1.428030729293823242e-01
3.013334050774574280e-02
3.737023770809173584e-01
8.700653910636901855e-02
3.737023770809173584e-01
3.737023770809173584e-01
1.072811614722013474e-02
6.482341885566711426e-01
6.278251856565475464e-02
1.552098616957664490e-02
1.674364320933818817e-02
3.929543867707252502e-02
3.371619880199432373e-01
3.737023770809173584e-01
3.737023770809173584e-01
4.537949711084365845e-02
6.482341885566711426e-01
3.737023770809173584e-01
3.737023770809173584e-01
3.737023770809173584e-01
6.482341885566711426e-01
2.131111361086368561e-02
3.551694378256797791e-02
3.737023770809173584e-01
6.482341885566711426e-01
5.656164512038230896e-02
5.896491929888725281e-02
1.453470531851053238e-02
3.737023770809173584e-01
3.737023770809173584e-01
4.185806959867477417e-02
1.724121272563934326e-01
3.737023770809173584e-01
3.737023770809173584e-01
6.482341885566711426e-01
3.737023770809173584e-01
3.318115174770355225e-01
3.737023770809173584e-01
3.737023770809173584e-01
3.737023770809173584e-01
3.737023770809173584e-01
1.990576088428497314e-02
5.348347127437591553e-03
2.155118584632873535e-01
9.573469310998916626e-02
3.179922699928283691e-01
1.550604216754436493e-02
1.973284408450126648e-02
3.737023770809173584e-01
5.486679077148437500e-02
2.579184249043464661e-02
3.737023770809173584e-01
3.360045254230499268e-01
1.647406816482543945e-02
3.737023770809173584e-01
3.415122628211975098e-01
4.522019624710083008e-02
6.482341885566711426e-01
2.933206781744956970e-02
2.646375447511672974e-02
2.275650948286056519e-02
4.182184580713510513e-03
3.204885125160217285e-01
4.146729409694671631e-02
3.103402815759181976e-02
3.176211714744567871e-01
4.955581575632095337e-02
2.498097717761993408e-01
3.361066579818725586e-01
2.447178214788436890e-02
1.015680357813835144e-01
3.737023770809173584e-01
1.488518342375755310e-02
2.347010374069213867e-02
6.482341885566711426e-01
1.436309218406677246e-01
2.436198145151138306e-01
2.089986763894557953e-02
2.102357707917690277e-02
3.737023770809173584e-01
3.177505135536193848e-01
3.737023770809173584e-01
6.482341885566711426e-01
3.737023770809173584e-01
3.737023770809173584e-01
3.132012486457824707e-02
1.071485728025436401e-01
7.132571190595626831e-02
1.667754724621772766e-02
6.282226741313934326e-02
4.503916203975677490e-02
6.482341885566711426e-01
1.263203751295804977e-02
7.705686986446380615e-02
2.874808944761753082e-02
3.737023770809173584e-01
2.456251159310340881e-02
4.602057859301567078e-02
1.351866722106933594e-01
3.737023770809173584e-01
1.819922775030136108e-01
2.084005810320377350e-02
1.401560194790363312e-02
6.482341885566711426e-01
3.737023770809173584e-01
3.895718604326248169e-02
3.737023770809173584e-01
2.095940150320529938e-02
3.737023770809173584e-01
1.161491721868515015e-01
6.135529838502407074e-03
5.478329211473464966e-02
5.201034620404243469e-02
2.596517652273178101e-02
5.509594082832336426e-02
3.737023770809173584e-01
3.737023770809173584e-01
3.737023770809173584e-01
3.737023770809173584e-01
2.526952512562274933e-02
3.737023770809173584e-01
3.272597789764404297e-01
3.557674586772918701e-03
3.737023770809173584e-01
2.474447339773178101e-02
3.575244173407554626e-02
