4.583518239087425172e-05
2.831336576491594315e-03
5.792640149593353271e-03
1.562641002237796783e-03
3.904599579982459545e-04
1.538753509521484375e-03
7.894859299995005131e-04
1.204730579047463834e-04
2.846550894901156425e-03
2.290263864779262803e-06
2.913426142185926437e-03
1.279761432670056820e-03
2.642022212967276573e-03
6.013081874698400497e-04
3.718211082741618156e-03
1.747212721966207027e-03
4.139399621635675430e-03
2.539858687669038773e-04
6.951766522433899809e-07
4.227713216096162796e-03
6.995221599936485291e-03
4.451690256246365607e-05
2.959334233310073614e-04
1.016167365014553070e-02
1.209156835102476180e-04
5.059759714640676975e-04
1.772456569597125053e-03
9.610705310478806496e-04
8.882090449333190918e-03
1.241728896275162697e-03
1.473421580158174038e-03
4.118310753256082535e-03
6.194744491949677467e-05
2.491116989403963089e-03
4.937071353197097778e-03
9.934797708410769701e-05
1.076876942533999681e-04
2.594061894342303276e-03
1.619808375835418701e-02
1.932113780640065670e-03
1.839279721025377512e-04
9.338924428448081017e-04
8.400373160839080811e-03
3.083368297666311264e-03
1.277402361665735953e-06
1.227350730914622545e-04
3.499765455217129784e-07
1.833690796047449112e-03
3.996081650257110596e-03
6.923489854671061039e-04
3.544415812939405441e-04
1.430695410817861557e-03
8.861742098815739155e-04
5.047094542533159256e-03
1.034870394505560398e-03
2.011659962590783834e-04
1.658222172409296036e-03
1.234644878422841430e-04
9.672241503722034395e-06
2.423823345452547073e-03
2.224765717983245850e-03
7.738462954876013100e-07
3.489887341856956482e-03
3.863033372908830643e-03
1.468903501518070698e-03
8.557998575270175934e-03
1.161205815151333809e-03
2.454401401337236166e-04
2.197826048359274864e-03
1.053606858476996422e-03
5.253745242953300476e-03
8.059392566792666912e-04
1.266393810510635376e-03
5.952916108071804047e-04
1.626870653126388788e-04
9.717672946862876415e-04
2.734569134190678596e-03
2.316542342305183411e-02
5.501488689333200455e-03
1.693266211077570915e-03
4.656985867768526077e-03
3.050454193726181984e-03
1.645455768084502779e-06
2.448121667839586735e-04
2.541487265261821449e-05
2.812569728121161461e-04
7.145739509724080563e-04
1.084367395378649235e-03
1.278713578358292580e-03
5.862642137799412012e-05
4.129114095121622086e-03
8.077377453446388245e-03
4.913200158625841141e-03
5.299035692587494850e-04
4.404680803418159485e-04
9.860439458861947060e-04
1.237052259966731071e-03
1.681541092693805695e-03
3.842326812446117401e-03
2.531290519982576370e-03
1.202108222059905529e-03
4.283678252249956131e-03
1.228371751494705677e-03
2.066703047603368759e-03
5.900650285184383392e-04
2.949944231659173965e-03
1.431890632375143468e-05
4.950881469994783401e-03
1.021644799038767815e-03
2.564633497968316078e-03
1.839788397774100304e-03
9.532124386169016361e-04
8.872461330611258745e-05
4.686199594289064407e-03
1.139312516897916794e-03
1.179924001917243004e-03
1.394072314724326134e-03
3.932115156203508377e-03
2.213602187111973763e-03
1.083297538571059704e-04
5.330296698957681656e-04
4.625795409083366394e-03
1.190868671983480453e-03
2.144686644896864891e-03
1.408596173860132694e-03
3.031091298907995224e-03
1.907489495351910591e-03
5.978895816951990128e-03
1.385353098157793283e-04
2.535542298574000597e-04
6.208922713994979858e-03
1.373629784211516380e-03
3.450145769079426827e-08
1.099646207876503468e-03
5.834880312249879353e-07
5.845652893185615540e-03
3.498117206618189812e-03
5.502482876181602478e-03
2.104832790791988373e-03
3.907617647200822830e-03
6.816864479333162308e-03
1.283585006603971124e-04
1.102634882954589557e-06
1.249336358159780502e-02
2.060795901343226433e-03
4.612646996974945068e-03
3.514715004712343216e-03
1.290987827815115452e-03
1.459013903513550758e-03
1.563373254612088203e-03
4.175827489234507084e-04
1.365765929222106934e-03
3.959430614486336708e-04
1.897572074085474014e-03
8.770220912992954254e-03
1.335909764748066664e-04
4.229874175507575274e-04
6.690296577289700508e-04
1.997184939682483673e-03
9.147684322670102119e-04
5.866165156476199627e-05
5.218442063778638840e-03
2.915687393397092819e-03
3.531270893290638924e-03
2.340641338378190994e-03
8.445985149592161179e-04
2.874282188713550568e-03
7.344693411141633987e-03
1.718948988127522171e-05
2.828396391123533249e-03
3.103881608694791794e-03
2.619462087750434875e-03
3.098349086940288544e-03
6.673968397080898285e-03
1.577501068823039532e-03
6.445359904319047928e-03
6.051874719560146332e-03
